NAME	B.cells	T4.cells	T8.cells	DC	Basophil	Eosinophil	Neutrophil	MO	NK
ABHD17B	1.25717674186517	0.620164870717456	0.947908169300374	1.41603719287662	5.1305234821361	2.99533693162692	1.35370494543823	1.34923049563634	1.88481525557932
ACSL4	0.752639847001852	0.637389931203338	0.868135015320669	1.58167434028135	4.7892517090497	4.85460211182366	0.57525562288698	2.29198584275769	0.838679014669386
ADAM8	0.515070131910959	0.745128813555512	1.00756175799828	1.1350800961737	4.25517241744213	5.25403864845811	3.18034792012997	0.943395765688599	1.71767140845952
ADAMTS13	0.793788849599082	0.724293349234093	0.632347514938136	0.799133636389473	0.944756799733637	0.649586489192883	7.01908805114014	2.02656947200397	1.03703398892593
ADGRE1	0.86271461252566	0.725194639585254	0.711044350658856	0.816052780204158	1.18916777816377	10.003817604247	1.03874825172298	1.6519812701049	0.765884823891211
ADGRE2	0.758334959533067	0.690952497552477	0.613758966413768	1.37765910390118	5.10582532359561	3.00429380425818	1.90017196847829	2.7159602518568	0.631943912364281
ADGRE3	0.762388259169593	0.722829824164544	0.694482826818153	0.756807105597421	4.40186837941306	6.02031314812962	5.05219605459948	1.86761507995405	0.718608375269181
ADGRG3	0.768006513398113	0.754792836631495	0.793109912711966	0.719278178863714	5.12129671941984	5.47467364453527	6.84317494014561	0.716045237955121	1.26616658595703
AHDC1	0.766279972874302	1.26321613943584	1.59138831485676	1.11070307113913	0.378799798487531	4.02121493803728	1.78733288516358	0.846704996387568	1.30804111227823
AIF1	0.688222725177494	0.630668263949275	0.610452081996759	2.13030328909881	0.815303338509798	1.36441834989511	2.82617989415055	3.88677873347469	0.679848129020614
AK4	0.785502430778294	0.642090062161784	0.689988884758719	1.56895010689379	1.69470520092679	1.34749138806841	1.05639288718817	4.29235980831065	1.43598976867799
AK6	0.575126922777921	1.49948881939202	1.72091203192265	1.4283200780521	0.603822217651585	0.46872369566639	3.89278879544922	1.08354734090017	1.27898119146249
ALOX12	0.70393544869254	0.851826813113406	1.09465207704045	0.764126597994822	0.678816746852213	0.931131819421707	1.01912135858072	4.13403170867688	0.888980717330081
ALOX15	1.06980166211301	0.788339001002054	0.842889022163268	0.884239699278383	0.919457485158032	19.0178738421163	1.12272044319012	1.01287263797022	0.871760328233973
ALOX5AP	1.01478639975848	1.02322510337658	1.09725500015947	1.23519570040811	4.15715468817308	1.96340752177833	2.74059116811599	0.487305732185831	0.825277109256576
ALS2	0.919586801404698	0.705112096999209	0.814525428122779	0.674043552010416	12.2833102531137	1.9310727042112	0.969458825605897	1.8247350987345	0.640430849343929
ANKRD22	0.792711261431884	0.780685926634201	0.663791455373866	0.546413981233875	0.807893053378798	4.2900651227339	3.06366581470681	3.12301921850838	0.719793683889421
APBB1IP	0.873548724145345	0.810144473112567	0.996336130168799	2.50051383022464	4.09700128241001	3.61328318476633	0.882650722811957	1.00044077600972	0.584128073074513
APOBEC3A	0.816823642946907	0.794655086871768	0.715099696521897	0.766745997289015	0.956044089203594	0.792672763848328	1.10614615469488	7.00710635675604	0.754170435117317
APOBEC3H	0.665708888939187	0.785893589268866	0.753353112593039	1.32032179257265	2.76764681358677	0.808554117517154	4.78224773379218	1.04449655140032	1.93940072221455
AQP9	1.09772153880267	0.899600087149833	0.587674708907793	0.872625079411587	0.815907558248469	0.77813347823041	12.3354661323051	0.999581713144224	1.02043739982563
ARL11	0.989618267263256	0.643756740415576	0.613461108240253	1.30350173133317	3.22365154349956	4.20648042661469	1.365993156131	2.96301043775991	0.93331623366311
ARL8A	0.965407446700033	0.73623369852023	0.888708250068037	1.14115199822585	2.81753452557206	1.45637564896647	4.85879462137541	1.89088188203022	1.11820456494687
ARSB	0.747391084869454	0.625417074442846	0.828980634502145	1.79555819848326	4.85809103129526	6.83346970360346	1.66127728264593	1.77982803413016	1.01991083972588
ATAT1	0.863314633672092	0.744186589014574	0.608324176717249	0.765592204107867	0.908555106285399	1.18093194354234	4.9072708587271	3.75074233888309	0.857079309812328
ATF6B	0.788720823239919	0.817548920812806	0.783948228743604	0.515828455836171	0.816471363664636	3.30857333575388	4.3761997681192	0.771616173768757	1.27580395760083
ATL1	0.654858388626848	0.787656688317311	0.985310464974887	1.62870041288861	5.11329103784931	1.81815703604594	2.35495933888494	1.05018370739526	0.858140081946401
ATP7A	0.905214741838752	0.756675061253014	1.22983809572817	1.25321439936869	4.59266600768724	1.63766314764772	0.44643745811949	1.77538995921942	1.43276215568898
AZU1	0.700265944898929	0.742956572876768	0.74034592454741	0.778305713345881	1.22379048772159	4.58934919627998	5.92291520287932	3.07484443774398	0.632325140617415
BANK1	8.27071684966115	0.682649272911812	0.727745990870326	0.969117474648087	1.06622989209767	0.912395265776106	1.14785290413472	0.888440511891092	0.896666285769045
BCL2L15	0.718485936207282	1.30907456592347	1.26541799459805	0.589064087636084	0.566351067643093	1.61146308272542	4.81463006041615	0.688536959198397	0.653943695156588
BMX	0.789184290222487	0.82179053658741	0.635616473953641	0.606866671762177	3.09963566480273	0.979767181817841	4.00868964650599	0.961324856486677	1.3693187683578
BPI	0.983715340757765	0.879082535250726	0.880461616918593	0.720359086970658	0.712591591410061	6.39366843374592	8.48649370031747	0.924466456736172	1.03135989043576
BRI3BP	1.26918705208549	0.829471102060761	0.79033387005121	2.09326866420101	1.74859973703258	1.34790552767029	5.14543567927691	1.26909006809102	0.794531145304091
BST1	0.624810901950167	0.682342931994011	0.607759112838084	1.20481934074605	1.77016846409829	1.5292700477	4.95081707403	3.24074453740408	0.671813420193552
C1orf43	0.798343299766365	0.863589814599133	0.69685766303924	0.79686225588621	4.13538803519987	0.893977778095382	0.949921782946792	0.95669707025407	0.638584336475651
C2orf76	0.745467631862265	0.780761910726654	0.716141049914627	0.792708661840294	0.644301086978483	5.62141371788763	1.00635520433579	2.9231623754541	0.823954392138382
C3AR1	1.02361196755789	0.743844459417912	0.663867365856006	0.682123414861979	3.95730333333211	5.60387518728214	1.14314317194339	1.60648803855084	0.594514187841376
C4orf3	0.778130545778833	0.696578333474233	0.867114562075679	1.39414396200733	1.17121234753271	1.59521364858175	4.25761126757627	1.10917365057265	0.553197511866416
C8orf82	1.35069351290186	1.02634382787519	1.24974407537277	1.14411440392218	0.837315724351622	0.345500410559761	3.93601627775949	1.09498637581312	1.40903969518569
C9orf72	0.687609439343151	0.659178055172318	0.657499897259209	2.01479650604508	1.1573317166654	1.63501800153332	1.77540286798129	4.09917746747775	0.875594323224443
CA8	0.948739469684983	0.824091808636451	0.854872844378702	1.82268223956903	13.3115380292113	0.913713635889441	1.08383691842193	0.84605581259776	0.674223874548206
CAMP	1.07734527401816	0.901033672443267	0.558665169441858	1.18741620209023	1.87998151933761	4.08473641187744	8.19133677469254	0.990274975604835	0.731913795819292
CARD9	0.637593930911986	0.694185313340028	0.591901898086034	2.33126719985485	1.57070823443868	1.61567021360936	1.52841966396322	3.56648066755616	0.725882333590915
CCAR2	0.742479496110563	0.872473813762242	0.810363538976723	0.870626815229179	0.869610326644135	0.968866573019391	0.596687272542735	5.91983469236328	0.823660498200182
CCDC112	0.83091973422542	0.702158994359218	0.741625999968931	1.08218158056216	0.73817088492976	0.905401135743953	9.99324438651827	3.13118553119998	0.726166633282509
CCDC88A	0.839502960186023	0.78485924118151	0.643368761626568	4.69706246921213	2.04005194029819	0.789256645996546	1.01419808379906	2.59469937174426	0.515180719374911
CCDC88B	0.649406549160614	0.873405124766533	1.19428911019434	0.671812225719986	2.46366038569428	2.87215916639588	5.21272747048705	1.42491611900189	1.1734024613926
CCR3	0.81629431270382	0.79864216139676	0.805804042354267	0.817715326577523	7.87982991189252	8.27430051982158	0.872032756373302	0.932566793385957	0.847652257781651
CD177	0.885001763997298	0.853495097098031	0.790541056177775	0.871001760863018	0.82886381855824	2.68972311294191	24.0776383867489	0.909717540995677	0.835492030631428
CD19	7.04704108558281	0.846120836958594	0.690897144229617	0.697115683711269	0.745256836234696	0.931689113547177	1.0570689139585	0.890733015983035	0.869309104067937
CD22	6.69696411263038	0.810252110334607	0.660640980841621	1.91427809900726	0.995383406990151	0.806509299158795	0.973317755587052	0.777970985131309	0.899312424710044
CD37	6.02596168448053	0.708800555878191	1.06469746657438	0.882943790795492	0.888347389579184	1.09264653353152	1.24857093129087	0.828517165090925	1.09549843854583
CD40	5.51790780806076	0.700568472054799	0.684570741840655	0.907517602900829	1.34807491042413	1.23587958521348	1.64016232704706	1.53595473579957	0.810466028235946
CD68	0.739102331149684	0.66933525585311	0.754007056329638	3.02077721317682	1.98835677145644	0.596677990548764	0.882697503517669	4.00101254743348	0.735867695387443
CD79A	7.61157423249689	0.838128789294532	0.717059405454438	0.772486579359246	0.880842878091781	1.22722108508381	1.07800515458081	0.995678616628262	0.702946795974345
CD79B	5.60416860388398	0.709334081603265	0.673932552928712	1.01156832524043	1.47838965466799	0.532032037958753	0.869670099764588	0.907875706779627	0.938794303970725
CD86	0.955131254846954	0.780035352374738	0.679889751192257	1.92200202827068	0.944466776827621	0.901977436760132	0.98551416747508	4.17605993030995	0.710043772242737
CD8A	0.78231432607279	0.69916979606954	4.1751320831312	0.619323258733666	0.715001259068678	0.74900320917659	0.86183409902592	0.702807602808207	1.71581248557462
CD8B	0.646353352627242	0.663312322898152	3.51750598635904	0.683347784193236	0.929685451395514	2.68559420189586	0.649396442020767	0.727143757699061	0.589594601588459
CDA	0.671009867537354	0.718681205603932	0.645711943831683	0.71816591811573	3.23618324885647	3.90899168243228	3.83205159598567	3.03363137413199	0.656352060518556
CDKN2D	0.890463102491503	0.78467687869217	0.691052015576653	0.802542187639231	4.05421053496676	2.31309583819518	0.607138863168598	0.939467685026792	0.839071843025493
CEACAM3	0.910537558317899	0.873953282996255	0.741961244998962	0.765256374851413	0.979057016411496	0.860036018422224	14.5849837686479	1.05296656729012	0.906047532409705
CEACAM8	0.833349831806342	0.834592657028694	0.818661500313457	0.894965965438904	1.05723172318677	7.29737248792854	11.128039769596	0.9724398867264	0.824837132791646
CEBPE	0.926196378328245	0.831101617935318	0.713067999203078	0.762842026086175	0.827155784777269	11.6674878388033	4.52047800398672	0.948329753907795	0.638918497624319
CENPH	0.695496236479119	0.780794151255059	1.27116672363435	0.642299575073841	1.0284442413757	1.11686318609694	6.67481160877917	0.769960907097641	0.717619615116851
CENPP	0.865093284001429	0.727414881834005	0.934981887038755	0.83785909939134	0.887636128968572	1.3004635104807	6.03495212529195	2.06538369205344	0.630000010560049
CFP	0.725292350592938	0.793096467639461	1.02755048450349	1.07766515324141	0.883511668040093	2.65258543890624	4.13554279734857	1.7078083941814	0.635010820459968
CGREF1	0.897093878252808	0.906979300829265	0.706390431729261	0.967076504899478	1.16700236682997	1.07735654104761	3.99848697799186	0.945127433710883	0.797738017771672
CHI3L1	1.07102282561251	0.899841557614471	0.948209811144634	0.623408200160934	1.03972659337437	1.75622491473024	15.5249103228311	0.961337567533437	0.94495288933693
CHIT1	0.8855422029039	0.954769335325484	0.810500410165458	0.8082017576294	0.847744090965193	1.27376629599545	15.7401227555955	0.680693829662877	1.06469739331626
CHTF8	0.898618741752881	0.760963693756148	0.889160530536185	1.65680476026278	5.34005582469937	1.41789775157695	1.42079173362365	0.749352742477841	1.30620595798772
CLC	0.616893556715433	0.786182383718348	0.781545323230735	0.758941493105297	6.57650804947739	6.84463629792827	2.88011404788641	1.04113705803432	0.739031089718284
CLEC4D	1.04667163147669	0.77555454212779	0.643957544184942	0.813357657398358	0.714197675588045	0.898583023339371	8.50412537448962	0.763524483585754	0.744685365643265
CLEC5A	0.757085283458493	0.820150706021601	0.815833426985122	0.835598590291106	0.90757192542654	0.945305654618286	15.5927048899933	0.923961284896917	0.884066040899845
CLIC2	0.793564980828749	0.718623905733362	0.707008883166203	4.49209207917944	1.08905801566719	0.719773024895396	0.9965283238339	3.59077583024329	0.797510252829731
CLSPN	0.785589925842302	0.801193984545409	0.673336004436378	1.80187441169331	0.781756921331837	6.20039010351967	0.962721918767487	0.906566694748801	0.790440597486099
CMA1	0.633341870477891	0.839175387876766	0.804833242536157	1.51693186057364	4.75091007134101	0.849271516336925	0.810074614085012	1.06933158069341	0.800097875409983
CNR2	1.40649153363777	0.83445193491817	0.781581842280302	0.738167899641526	3.46487591615888	4.36140705409594	1.07879647581647	0.799479431950189	1.19194796411289
CNRIP1	0.811171318790893	0.812420245346587	0.908864667767816	0.972089850104768	17.9059490724735	1.02940202587645	1.93670823892913	0.9560675514546	0.901535485268232
COLGALT1	0.692705433276007	0.759969179074568	0.829895179012806	1.94044397814388	0.931852086183847	1.59490200006398	1.42682875597166	3.89457408465156	0.809219238106491
CPA3	0.947726701948676	0.870232305756581	0.736361191309209	0.902354008893262	21.7775133302162	1.0488283506084	1.18661071774031	0.907842262794519	0.786180749171427
CPNE2	0.620852273047058	0.847892849131083	0.878261524735708	0.751958039998057	0.656013737849498	2.32231319652906	3.74046914203923	2.99834528324528	0.626214588001997
CPTP	0.570282364892826	1.28819851145333	0.932896749996255	1.19062315619103	1.31417118678555	5.99054111400981	0.506451588714861	0.935012979170485	1.14317228987133
CR2	6.20343396484919	0.715660320135665	0.710096583966258	0.815734707281282	0.725833280508894	1.17885371041876	1.68812202951695	1.01640122551148	0.899474067875562
CRACR2A	0.760672754630111	0.806361498020545	1.05657841725318	0.488490825634192	5.12180430255442	2.39211870210557	3.83520654063118	0.9843781106103	1.86108587117024
CRISP3	0.897475283963714	0.871443681196654	0.914980550794332	0.826145134547055	0.774029960976019	2.70983232749753	13.7945463432863	0.886769847485938	0.856628311618242
CRPPA	1.19884384313605	0.74092140473382	0.952347947287112	0.679969489460764	7.63112072523399	1.26719045960532	1.8104962118472	0.809722511865998	0.826705202938409
CSF2RB	0.929598495207454	0.919760221670198	0.64071099504212	0.80520172539342	13.0069169498328	1.12369452995916	0.782976041387495	0.907540888739751	0.773550141115726
CSF3R	0.812360630856265	0.939923375704071	0.686409841217404	0.698126782054217	0.794422589098204	0.582030476052837	7.19621512966205	0.953615885950161	0.671385306743163
CTPS1	1.13404691211032	0.84982290968255	0.848678013752606	4.10123710134757	1.01973308064056	1.20851055226317	0.185791144661145	1.53946642711497	1.24925570156508
CTSG	0.853945376421226	0.603598241036293	0.714575776978231	1.02892088325584	3.2860174421198	3.14628966841243	4.87025697565949	2.66756777012002	0.72234404283641
CTSW	0.689088805774152	0.783404575118336	2.59124684812517	0.646189343098846	0.844483241465219	0.55938672608645	0.700603614376162	0.555272443080179	3.78406472564801
CXCR1	0.933634862430734	0.805073737470075	0.623296127965502	0.667926325450075	4.07613527653839	0.961100023882509	8.75650506034785	0.68629202722719	1.57442958051624
CXCR2	0.837000625926334	0.757189874560018	0.71705954848229	1.18395108744704	0.877772413212639	1.19650624953247	5.19618864718929	0.815556004328115	3.04427200868246
CYB561A3	5.46369592591168	0.739039449650606	0.828800439264591	1.01914475010367	3.11367703653954	0.667968217881285	0.891725108973737	0.820135890004782	0.670482092054592
CYP27A1	0.582632159343039	0.683361415234337	0.621758070129548	1.00931441782848	1.05050439666339	0.803571698885253	1.22825135773364	3.92125599161783	0.920967361972661
CYP4F3	0.878611558336098	0.844302162289632	0.758878448813682	0.901343684505516	2.5035063738272	3.6083145018602	9.2302015597222	0.822750648804167	0.762945225711442
CYP7B1	0.787242224467457	0.875159005059472	0.80576468152822	0.958361587694196	8.12035132440694	1.06305249710773	1.7858431829397	0.912232916709451	0.873758040492885
CYSTM1	0.857162209108644	0.822889801544338	0.763177265432464	1.14896137337091	1.15328199580963	1.68780358266302	11.540549634384	0.798119816012288	0.97251476702435
DAPK2	1.22451877830272	0.790526058439195	0.732399962036757	1.74040039966097	1.64905003559647	9.22345289633952	3.30472018091254	0.914301169671775	0.786395010386521
DCUN1D3	0.811969156697889	0.767613817601798	1.03769922905738	0.691562288834361	5.29802037044877	1.48882220506748	1.13517933854053	0.802077792302454	0.653266335043798
DDX12P	0.834446332052546	0.846452619602182	0.759082125031427	0.82207773461714	1.06521959584044	0.943071356549362	6.04676670608029	0.962249317758657	0.739692750584138
DEFA3	1.28808565837523	0.761628159495559	0.516707515484218	1.59619719662973	1.78644512248803	4.18790343738316	4.64365120565765	1.68225268148815	0.807869624153334
DEFA4	0.936898282527199	0.957973459875329	0.753045613216401	0.951391414431885	0.741976008427089	16.1277330248076	1.02795736840892	1.10605472075563	0.602726972385329
DENND2B	1.12799470681659	0.894416646964554	0.828570596843223	0.712484578477131	0.880955491881178	15.5733232571986	1.93341151521641	0.812548006053108	0.790804572414813
DKFZp686J1372	0.786371632142401	0.934398387022394	1.01317447908572	0.653941692853466	1.1646376050112	5.67124310291945	0.580945235265112	1.01134394903936	0.876329846540651
DKFZp779C2259	1.24173411653489	0.874658056625885	0.599468584005617	5.89428521632558	0.883189749955017	0.881329000013935	1.05139628992239	1.80406881814122	0.663555943126793
DPEP2	0.66807019168062	0.710894174118874	0.86839733608483	0.778078398249972	4.47421050715952	7.09432601351027	2.14961435688033	1.21894033073794	0.763749591432667
EEF2K	0.421062754420269	1.07181234378556	0.983582733231358	1.58896276942735	5.79311593193809	2.13613999205579	2.66624860053297	0.971640300594715	1.12715765410081
EEPD1	0.654774767670081	0.920618538037876	0.626148010879981	1.4663849105959	2.6551623828476	4.17110009666108	1.58374450751148	1.30102011962826	0.580074931588622
EHBP1L1	0.975970621468165	0.746102930429555	0.730865530882012	2.23496207400639	1.6212361808234	1.06086134473969	1.60572506785988	4.1662881559208	0.948595153008896
EIF2AK4	0.649400622529085	0.8361823610436	1.05172684868015	4.4495694718933	1.13442757144811	0.623503552257315	0.466754220287969	1.50265351728027	1.28187671121883
ELANE	0.730222245442273	0.696841928702525	0.683889157885987	0.782043619790654	1.15484441094353	3.87353233326231	4.21032357838567	3.58873854841859	0.547002395724438
EME1	1.47731839030542	0.681978722630916	0.730130449639591	1.60106042570289	0.825445897420037	4.26414309046852	3.44428071432705	0.673480736184145	0.799128685318043
ENPP3	1.07263261279305	0.995097369448042	0.986612604735012	0.799029376621618	18.0348435230875	1.06638199306643	0.895259095764525	0.822684662649384	1.04463538736586
EPN2	1.00534251713464	0.730189927040656	0.791613178343375	0.755436585955769	4.96761164740037	5.84357459000321	1.15524148937658	0.83114163454401	0.773141882397638
EPX	0.758881793734918	0.651524704194067	0.683638909770284	0.837860657398345	3.50781401336429	5.1217699637203	3.71170013792847	2.65896823746962	0.663005280018406
ERN1	0.714108835432296	1.03030536072375	1.04550124571714	5.02841367433906	4.2813942066805	0.541639020758693	0.717442755312687	0.729375544304354	0.730297556665176
ERO1A	0.332531871538917	1.30551504253853	0.957279194531038	0.753656108533312	2.65617130809447	2.57104650980715	3.61191154644302	1.41947982732055	0.551376744097012
FAM110A	0.904746681912217	0.768985706094197	0.782079827443144	0.784997677296775	8.96704811352165	0.83378385376326	0.875374058391074	1.66235922237709	0.755417141389561
FAM205C	0.890289222808187	0.767964996183118	0.84371618027852	0.750035654916764	0.702840526380247	5.38962230984481	7.87885420504343	0.885940416594868	0.799195620569747
FANCD2	1.39846907717402	0.741374654473013	0.620729523720661	1.29770899541888	0.636363056222911	1.54568446058016	4.09420312428426	1.37600478984643	0.850030901537792
FCAR	0.741315334924031	0.825894297347777	0.873015736459295	0.731606209470029	0.704603720654499	1.37254118961142	7.66117677810431	1.4831700088742	0.717766292352204
FCER1A	0.832833720006143	0.794725119249734	0.779285591350052	2.67900675568294	13.6886166078735	0.787255649916891	1.24792531306906	1.05299180446478	0.911262237270888
FCGR1A	0.799885735740702	0.769055500982899	0.706386858438459	0.705478508974789	0.85219865271269	0.891108901983043	0.800445943034861	4.81192651655133	0.832733527560643
FCGR1B	0.799885735740702	0.769055500982899	0.706386858438459	0.705478508974789	0.85219865271269	0.891108901983043	0.800445943034861	4.81192651655133	0.832733527560643
FCGR1CP	0.799885735740702	0.769055500982899	0.706386858438459	0.705478508974789	0.85219865271269	0.891108901983043	0.800445943034861	4.81192651655133	0.832733527560643
FCGR2B	2.46177923039999	0.67520906219795	0.569005366851909	1.72295531217898	5.48913927205191	1.65647428386921	0.794730039151168	1.03702077689932	0.740825684876424
FCGR3A	0.691367309208947	0.667653139024696	0.819741954661079	0.678464462225759	0.692702375473362	0.983415966506436	0.77406122271026	2.50554269373258	3.86881197651195
FCGR3B	0.760717356624835	0.742614015242588	0.713207590129597	0.615735566744582	0.745402525258438	1.53717339714171	5.8845642042352	2.09545758482577	2.98245376777863
FCN1	0.838366260766612	0.714376074532231	0.657677764998002	1.26296051626206	1.96197627035351	1.62197606072871	2.72611326956026	4.23130051867486	0.731911174605048
FCRLA	7.90587034984423	0.81205686078692	0.718081191743444	0.835003659045095	1.01078557637848	0.86681461999803	1.04845014825101	0.842745397092146	0.88933244804926
FGD3	0.555115192756847	0.969268151022869	1.10215892929601	0.720691931371631	5.4057969215777	1.82999118239289	1.58264972308309	0.994355651343774	1.18596882138946
FHL3	0.56106368130823	0.687749750079614	0.848737007980703	0.584033415844702	1.90333169830605	6.27510049948229	1.94249055768043	1.40530998894822	1.64190711221895
FUCA2	0.616339352269022	0.785001696884728	1.17494644563055	0.840852417416804	4.32146451005055	3.13095539480261	0.459845356711721	1.73136425226081	2.02159144698817
GAPT	1.90994273030974	0.64176774418995	0.593711800428484	2.73825939010605	2.93276488659013	4.22079805570966	1.64039744148589	1.41022327416342	0.664413803368437
GATA1	0.99186451301043	0.904924844351667	0.729698583365719	0.676504770309708	4.86945751001532	8.9105962168983	1.13560155264639	0.885384353681912	0.824367231744404
GBA	0.434471538385792	1.03698907559113	0.996903961183488	1.41028122673744	1.97859689100069	0.583183301901174	3.71550900935374	1.69227704179323	0.797475846580263
GCSAML	0.797299269963234	0.778976386042474	0.83668456512944	0.760988992285988	9.04800533145684	0.951113838429708	0.796573383727669	0.887897698957625	1.50764327882803
GLMP	0.760747997692472	0.798519741555589	0.693306973132559	0.697256935443487	4.39851909306684	1.07600059626755	0.983390833424604	3.10995532120558	2.50272099922109
GM2A	0.55648532636114	0.877593741026482	0.926715813249644	1.35729897031085	6.18990312312923	1.43851945349892	1.14814888746488	2.0265797159771	1.03389648899215
GMFG	0.336491327322223	1.24044481305074	0.915925747839675	0.600770924655822	5.97055179393656	1.03511733755791	1.69128543663059	1.15507516818956	0.776063492684886
GNLY	0.697578174065156	0.723507909283015	1.46831529547767	0.692964703714067	0.68342235129183	0.887262803946	0.775821471212781	0.993208752859983	4.77280052556388
GOLGA8R	0.669420845509985	0.974995280178363	0.656402105515004	0.923885795980482	0.747671197179953	1.10075654995613	0.680380177484024	1.13675333292941	4.49617147274257
GP1BB	0.941228707857149	0.794426146162259	0.76320621507863	0.767102591242364	3.19461356867571	0.786576400706685	0.755200196716504	3.03734236212952	0.67077491245888
GP9	0.908688756761056	0.784581180491628	0.638152994683424	0.753868618232036	2.75782685447183	0.684026902789357	0.99329352385668	4.45209454949761	0.750980152328314
GPR15	1.10618173537366	0.982105823509241	0.707192834798156	1.1411286965642	1.14935168488851	1.50559299790422	5.88105528134171	0.969442534456197	0.741779125557358
GPR84	0.667932829442179	0.668404505800236	1.21709980111856	0.667274709829021	2.9850779939475	1.28563889968448	4.73928513263055	1.03977341902815	0.778268180998175
GSDME	1.13246800416512	0.870492029544809	0.572427568816209	5.20351529963517	0.609422383352481	0.820343710238834	0.832039935037939	2.03792716944388	1.24582857473961
HAAO	1.31378930579063	0.570628889229619	0.563867549141599	2.09664441069482	3.88536310039769	1.57431494212812	1.52773179610981	1.96770416467943	0.703744890681796
HAL	0.766155764892351	0.806012951791143	0.723336099849666	2.17058907599469	3.35918322367329	0.639435048692599	0.564748110660836	0.930790277198182	1.95353975539006
HCK	1.09837886427502	0.65182558599729	0.751078052508083	1.60109543307421	0.846137064343031	2.67828802914428	2.78533317203183	3.33241230509909	1.02595529066832
HEMGN	1.05604274674265	0.724549515249832	0.693977347565986	0.894709890431448	6.39828157860301	4.66548018739294	2.89347186444798	0.898560561056655	0.75004997955524
HIC1	0.7623922852268	0.750659396759641	0.666274291242515	0.661577700888687	3.62786763647988	1.63181281879329	4.07609900653355	2.41227185269731	0.866248330225931
HLA-DOB	7.76169342217227	0.776878380428816	0.822815304036136	0.893352914026189	0.738570460549166	0.827402005002575	0.835544612597066	0.81946698698113	0.900190761895258
HLX	0.858888621111987	0.971002896178294	0.647000996679153	0.757375786913121	5.11144531659001	0.643234589899822	0.671582585550686	1.09493728509575	1.03017148518377
HM13	0.772092195687018	0.867291217621356	0.837816927039988	4.37386325294906	0.685499862612574	0.737035554467265	0.533165419392581	1.66964600931833	1.05373763672217
HNMT	0.744725106352455	0.742189131689063	0.736427569828252	1.89235741009108	1.08007550050166	0.819337026134111	0.99298155824478	5.28884768177992	0.761753817391289
HPGDS	1.8052152166248	0.763575898802583	1.2960317347572	0.57435417306174	9.34623754703627	0.569815730198656	0.717379775813329	0.761467467011277	0.835686109498457
HPS4	1.10014242798884	0.69273041584186	1.11364746071034	1.06864997809424	1.01308390816443	1.13723051568233	7.81771080166937	1.98556176533312	1.28526588822823
HSH2D	1.65167140563369	0.777780378327864	1.04676034013601	0.876098794922269	5.44899017702252	2.63825975814022	0.707296581997318	0.601682455301523	2.45078247857853
HSP90AA4P	0.785185553214508	0.726940448902978	0.973040840489091	1.03868695005032	0.439512724972947	1.3489575960612	4.32627530940168	2.52366226680984	1.11204517383081
HYAL3	0.757675254705692	0.755971720776069	0.784821692678186	0.723393714682581	6.87580601178021	2.00204145887634	0.968410956932385	0.917760370517437	1.60947836297849
IDO1	1.03515072145364	1.03700687751138	0.92869699829831	1.10728663978275	1.64188526596249	11.6692228365161	0.513448456254509	1.09030089880833	0.928987004312216
IGHE	0.922154743997266	0.793664189284934	0.679102562604285	4.30829642331895	8.14115381610612	0.775227230050423	1.21976511985931	0.877604341847683	0.862131618916369
IGSF6	0.757326059796809	0.718138749442136	0.715243940100838	1.72804729601416	0.87362235996676	0.60940150593689	4.56898887122407	2.89661849313665	0.683715120454287
IL2RB	0.603281357936014	0.899094917310188	1.34477627098456	0.641184907254188	0.633939895975536	0.501283047387486	0.61620498452657	0.822349804466107	5.61992418853772
IL2RG	0.679021268368477	0.774189152540881	1.22956452876122	0.705363537653639	0.660224552950918	2.57053154276846	4.4628097257697	0.92686985070916	1.81465271090695
IL3RA	0.79451997739881	0.797879855202686	0.648633627455242	3.77699917980754	7.73523791544173	0.663838766810468	1.18103868414818	1.07015653369115	1.19081443735822
IRAK3	0.553569411130993	0.609077673374589	0.807484378893771	1.46067301085267	1.35034677127401	1.17971192705174	1.55156346856103	3.76089414112285	0.804093100846398
IST1	1.029206533937	1.06872763582047	1.31784354360394	0.865279107119806	1.13675272263746	1.18721994033432	4.11964240204714	0.872252537591604	1.04998881920988
ITGA2B	0.86662744761929	0.6479954360074	0.627858497592481	1.46280253185969	3.08740327531403	0.754560048108488	1.0449589936823	3.75235547807313	0.599520140768916
ITGB3	1.02967662406783	0.718256338779477	0.761524332195614	1.48006812820315	3.01095998870763	0.693886120877039	0.701973387342962	3.99005807655776	0.563079697714609
JPT1	0.461972476332083	1.11022445240018	1.04139138438591	0.865973347297398	1.56366794315355	1.57347620417411	5.55264563477312	0.975369124764035	0.743956735211963
KHK	0.861177427829723	0.903793139679377	0.658011244117491	0.840341857125463	7.39518060312515	5.13189386932602	0.916366720981647	0.962377393339135	0.767946654977088
KIAA1958	0.885619898918912	0.76425834791697	0.673309516705867	0.660861230955097	0.956680158429542	1.06137270906663	7.04047559849749	3.56621449405265	0.79423239193379
KIF13A	0.637657504251759	0.768680237065301	0.614066992573916	0.806472199311842	2.20163437883225	2.46832723068063	4.37049077566228	2.71843716662796	0.656452836866101
KIR2DL3	1.18204530708699	0.843483769793816	0.745911797521255	0.920784195044989	0.867785991100954	0.708334751245338	14.8357967550432	1.01615050422184	0.750414227435848
KLRC1	0.987428348345412	0.714516387177594	0.760177165872333	0.800816845382508	0.784896241328377	0.792337880858036	0.874333108669695	1.22482936362207	7.28541555112141
KLRD1	0.96638727030408	0.687014028328916	1.69193128907652	0.816581442660054	0.858040067565636	0.665044720394351	0.883796614276276	0.781846984728129	5.8185885978976
LCLAT1	0.792825980025904	1.02600195482475	1.1740635100129	0.927340783235482	0.365572294788039	1.12406499304026	6.76461857471451	0.914262358924381	0.867425114166373
LDHD	0.779737217061956	0.800458076560407	0.699265042640478	0.683933250412583	0.810999545444232	0.872063588147173	0.830989307051903	4.45603546532668	0.632222840415993
LGALS12	0.764853209832716	0.748460345479583	0.605727242779635	0.743397665796901	0.878360264492063	7.42822476966823	1.13366271328108	1.86493728682363	1.45192952438444
LGALSL	1.21651834116328	0.981357979375217	0.766619400534984	0.82471348389743	1.42135019802146	5.09654501588551	0.764162494748202	2.31436074001124	0.619285325335969
LILRA3	0.796361851633822	0.729707027210171	0.657963472059887	0.813179604173284	1.05890259632678	2.59153001650693	9.78617564290905	2.24772607856912	0.758419045391729
LILRA5	0.724977089487226	0.76268099384922	0.660092865955431	0.997161076398572	0.736902749032414	1.3258089304164	4.11196354997831	4.13296895217797	0.649142037709282
LILRA6	0.837123300926703	0.664005210122817	0.639798406663289	1.47971343784681	0.792127559909127	1.0238776812871	4.62527835220691	3.26672966353187	0.581886901232677
LILRB2	0.869526067841349	0.679594327282492	0.832931316254987	1.66833043447443	0.973887504165516	1.68070242411385	2.97177515065815	3.88769723097612	0.580325121747218
LILRB4	0.806138412261548	0.841992073776306	0.688276081210292	6.28792171181199	0.560725887175281	0.773749461821708	0.768387016096651	2.02427175118343	0.653199202753248
LOXL3	1.13083128832107	0.826508558351858	0.63390108507893	0.879997712125174	8.41789421250805	2.19161428365975	3.74786810933719	0.919545256841637	0.775147499072303
LRAT	1.04392830953419	0.82991967629566	0.864820898487352	0.655322195967912	0.958624619966221	1.22403299866789	22.883260749855	0.886429853807699	0.911369338411473
LRMDA	0.697807687960738	0.671278538668746	0.633780244894419	2.05150281165012	3.85896373128424	2.57214546610126	1.1303176674385	3.23184854584378	0.825681893900143
LRRC25	0.788956159726268	0.630456184261297	0.561162782778694	2.032926662038	1.71447375533592	2.31348018720819	2.07680957509897	3.59517567799955	0.691936093160261
LRRK2	1.07603099638535	0.652114465260107	0.649783322726546	1.89503676820755	0.855535339888682	1.24913145209203	3.55608334073758	3.60266780247672	0.661327465720879
LTB4R	0.825929339989079	0.650624353004612	0.693598934165886	0.861891831764118	2.59224411004916	3.75457406895396	6.04253017275954	1.78655741218446	0.742523186944303
LTC4S	0.733434167680575	0.789372149525884	0.784439085435203	1.10624161592947	7.85396446388233	9.94589685339056	0.810397729276549	0.93956693655458	0.896559196689017
MAP1LC3B2	0.924585045466015	0.696181156774205	0.828466374010729	4.81061822609002	1.99539462346022	1.1265360815722	0.568058044161034	1.91561229365426	1.05808086872566
MAP3K1	0.988876556054565	1.23421327422679	0.770043024825955	1.09638515245779	1.68266956286882	0.265514863241305	6.74963277060146	1.34129764317936	0.947241758031145
MARK2	0.543816138858435	0.987781358857625	1.27060071009499	0.706971538499768	2.22210804721432	2.56236488231224	4.57988651935261	1.02588840443419	1.62648437150879
MATK	0.658682570312469	0.89492237767441	2.02116176642371	1.02795294693292	0.478101210802041	1.42894884456317	0.688281029354687	0.806907052449227	4.47275410173342
MCEMP1	0.725105936901031	0.653138322131959	0.608805426928055	0.871643701202423	0.717440442282052	2.32640376441222	4.45813666239166	3.28452707305091	0.790530671724763
MCU	0.943730583384213	0.982276495990238	1.0975017732208	0.715806460079329	0.518366740485892	4.01762508569367	3.65549633079192	1.63861709575283	1.15291593943831
MEFV	0.762103842227274	0.733648880823238	0.693380348160231	1.75870622262762	1.45786776044396	0.585013533491979	2.91016110084016	3.99955471508978	0.76054000458892
MFSD9	0.862988309798237	0.898425169955377	0.828559118934308	2.02740352047327	1.16003517176612	1.64239532835994	7.93489422395931	1.08757280488173	0.549021422790506
MGAM	0.5008043643599	1.18438907654207	0.997497629238395	0.983161766710602	0.831337540509892	2.10253051133086	6.8788734065626	0.824968621995807	1.43873288037712
MIA-RAB4B	3.52876848445557	0.729077911683603	0.78099538381998	0.707439068984816	0.623859700104411	0.655783921930692	0.979500335421716	0.796318945681623	2.87397103984555
MIA2	0.810690871235711	0.751447255949601	1.0897407195242	1.30836152327926	1.02781562030506	1.05932706550139	4.85873785599773	1.77435818876937	0.834223708927115
MILR1	1.39373734690406	0.638491146173503	0.582314988688978	2.95743206164819	4.47126812784996	0.745996088546926	0.925576231086986	1.86561499355781	0.619151557027735
MINDY1	0.475808969721454	1.11340072458714	0.58915684446549	0.991814049741286	3.98999834619799	3.37008018280359	2.94379763709271	1.0461770688626	0.776876511709209
MMP25	0.852492106395745	0.743549324453937	0.73876266092663	0.794631224452852	4.79560284422276	7.50459290178345	4.43802454863736	1.03793811318009	0.892625742984945
MMP8	1.15914217352055	0.979228759018711	0.950464251117476	1.05049578126854	0.884241522268238	3.34373194328776	10.9553848907581	0.864664260182547	1.16247573443255
MMP9	0.84271296593918	0.754497853304458	0.989299509610694	0.770221907665036	0.676545455137201	5.36192026465051	11.1180247789759	0.767175401469982	0.649589008498421
MPEG1	0.734890367385601	0.77826017824498	0.92255406008752	3.95935718876628	1.45066048811132	0.734009374212168	0.540909330795504	3.14023815427119	0.763106939111533
MPO	0.675599907515095	0.662199248018103	0.583746187060607	1.42067740000415	1.82518703672887	2.50645009843107	4.00544157433842	3.04817927131527	0.764885972383497
MS4A1	6.12529948627406	0.711706573840833	0.885523401023876	0.932076676963852	1.89890398141431	0.759165323409834	1.07461017576762	0.927401794711217	0.554603981184727
MS4A2	0.982594013576695	0.841834792065945	0.764556970890228	0.828351813043891	18.3111865542588	1.24099195870564	0.657661157608782	1.01454599454381	1.00145909239075
MS4A3	0.877262895096123	0.893049672013671	0.718696205282573	0.89091608441649	14.9661003332277	1.16500451617745	1.27731415538568	0.962066630055549	0.678605880343207
MTURN	0.910583699448297	0.744851330274964	0.791430310735905	2.65304979346633	6.2005653163919	1.38243270219056	3.26841192979041	0.782272390716099	1.20177467020792
MXD1	0.837579025924885	0.774591505094252	0.824307760246818	0.782139046730243	7.40600058318081	3.80547724838868	3.9032041629288	0.784778229561218	0.861358167351796
MYB	1.18301908017388	0.727744139524942	0.791283954078405	1.0047670637145	0.832129928148841	1.02012526230714	9.9139360872962	0.802153927116607	0.717198387040963
MYO1E	2.19288129768108	0.690262139583427	0.710241233058864	4.17835613911525	1.79539049992814	1.49295087637366	0.580789908027701	1.18818500577518	1.18841625455445
NAIP	0.601645130164872	0.803130115246058	0.758310064135905	1.2997158005281	0.901707484215131	2.00577242876376	1.13236505843739	4.49706683735216	0.729118983513299
NCF1	2.3448747419514	0.579937839436375	0.505312138645232	1.89550107716605	3.21975094071582	3.87439907890472	1.60299555278109	1.75225423734719	0.663975838189878
NCR3	0.946759672626613	0.779578689024863	0.930556209830831	0.655292044118008	0.864235846851703	0.964672394234361	0.822224082874031	0.967437749799862	6.17424368611875
NEIL1	2.2882286829392	0.743659604242837	0.907786804110513	0.612638862297167	0.613293975662628	1.66912729577698	0.650259565573255	0.731314761618471	3.96753854749783
NFE2	0.645619393378954	0.691747712088701	0.861223299361656	0.802838241253354	6.63681113100562	2.28459987547614	1.82688444549036	1.83019146841847	0.666062256447573
NIPSNAP3B	2.37233270052673	0.699073798900375	0.694892591151548	0.838034094465235	6.11151685210005	1.90281046474151	0.801044728472003	0.769227124890778	0.745242790600626
NLN	1.40728763622319	0.899612413455398	0.849699874911524	1.45156286253283	0.890543053392153	0.401286284710832	0.519379366482212	3.59493630661068	1.11128604918582
NLRC4	0.568840454082709	0.736652066832398	0.932888415131018	1.87996423150037	0.720411933843009	0.938623637586555	3.02820862750675	4.13582209966344	0.810891421924522
NT5C3A	5.13574733932726	0.894792063775506	0.68561901100306	0.744271022782716	0.893881066847222	0.601698081871124	0.502643393104097	1.05253514527785	0.6882561583471
NT5DC3	0.883696949058488	1.21518712791431	1.28094565308084	1.39009192468697	0.453407549856025	0.581475975322168	6.67038041922376	0.692932467034595	0.896022822514734
OLR1	1.25055784681114	0.715750958058325	0.856406812635614	0.858446188830337	1.04491676386743	1.17841387898225	14.0405759531128	1.05188341564306	0.830832982432666
OSBPL5	0.763628966492064	0.615257204628699	1.31545167357149	0.886952536852714	0.800682743483219	0.678577265062248	1.58907883908592	1.32553303318547	3.84658906045401
OSCAR	0.850345831560645	0.720918329778094	0.714704901959483	0.635136865320345	0.716433682023566	2.5657420921738	4.41347504522349	2.49859899407547	0.810599061580914
OXER1	0.821753887037546	0.830745596278858	0.741675676903359	0.799883597470523	4.86769164147607	7.9941740939371	5.5072588996254	0.728873294535433	0.793933300566967
P2RX1	0.681781811160875	0.653539050864193	0.577443344212136	1.12029659105685	2.06594544402345	1.14112053954792	4.54946436159796	2.22622562298236	0.796315012130803
P2RY10	2.41498138230072	0.704003376545061	0.959933649979856	0.615914977990378	2.20622957677717	0.683792297426115	5.40930947047	0.674314890235749	0.801896696130475
P2RY13	0.734346128026964	0.666318014781782	0.678094900990514	0.753257788036327	0.767927079604949	1.12998780146963	4.84120893033645	2.4896583229014	0.709377903555725
PACC1	1.7705321086804	0.647432305759515	0.616723618783711	3.910518783472	2.25420768048991	0.608724577786281	0.907793518966614	1.85175065503828	0.828058671944915
PADI4	0.832644680792256	0.704245164897599	0.66439465526851	0.641347565212513	3.19753468323052	4.43518044709899	3.94011750351266	2.96956343691358	0.796319307091938
PALD1	0.993699545233418	0.793349800518184	0.604432963801783	7.83517897481818	0.67701492269686	1.02906457170403	1.10790799990711	0.902022611160906	0.765048344837527
PAX5	7.29029786615347	0.777506606748642	0.86966171746428	0.687607510251653	1.01412437849529	0.797176789756046	0.940697578289326	0.9694135900913	1.03783333160022
PGLYRP1	1.03783128271346	0.932021605834425	0.838098457559076	0.846316524463642	0.515320088496656	6.22426455928714	10.6674954427582	0.983312700787132	0.76361118977036
PGPEP1	0.519810138272126	0.972962325551801	1.08171992042906	0.887860480319837	1.52831370611471	1.03362777114154	11.9295894199861	1.27751262473954	1.20840806849722
PIK3CG	0.522517096813534	0.649471705125566	0.990796211415363	2.47221459387816	2.96713257981519	3.96361378847242	0.397443386993995	1.60887618455112	1.59036130973266
PIK3R6	0.429787868010115	1.21882489605386	1.45733470431826	0.943669431362545	3.07131488608595	4.62742815978472	2.1719065441544	0.855903208834975	0.431317241364466
PILRA	0.646493087487561	0.688276128297733	0.635662492104296	0.840916753194504	3.11055458566377	1.36295282547149	3.87917277270116	3.02957474218425	0.839018179606081
PITPNM2	0.788138415768379	0.932540211394959	1.11896672703098	1.34750687918388	1.4904267757442	1.12656521179677	0.664867761313483	0.576895610430613	3.76998374514309
PKLR	0.932857240946084	0.742633895098668	0.754845589034221	0.65038188154536	0.806297839844706	0.903204727273098	7.35427270699646	2.55760109125264	0.714739881465967
PLCB3	0.709035772290515	0.835847494566305	0.889294540507947	4.09964446725616	1.28133496665162	0.340951444391685	0.548323240096844	2.68253863699743	0.845911525462216
PLCL2	0.429888582591447	1.00549025868862	1.13652229266389	0.582882194218924	1.27874169654059	1.84532236279712	6.47690498236534	1.00311719130358	1.5589957415397
PLD4	1.08754338715774	0.736661186630276	0.592363031614112	4.56167588662193	0.536668749823606	4.16805309122097	0.780126703469347	1.5802028914458	0.603211386426812
PLEKHG4	5.46369592591168	0.739039449650606	0.828800439264591	1.01914475010367	3.11367703653954	0.667968217881285	0.891725108973737	0.820135890004782	0.670482092054592
POLM	1.44493590919044	0.798062964998282	1.47734814430655	1.41636160684293	1.01114053437155	1.01508940935438	4.64735351407372	0.546655275211936	1.40054896190441
PPP1R3D	0.755178110559388	0.810024901617426	0.825327995237962	1.36257401818412	4.23010542184137	2.44485912672209	2.38358490548127	1.65616451285487	1.60743750330296
PRAM1	0.771227324623306	0.665425723987824	0.556321247751486	2.144286354667	0.72128556002089	1.42392508725573	2.52227655008082	3.06746549725499	0.889636079038054
PRG2	1.26780016173658	0.726828591394839	0.67276226284484	1.35107369343711	5.61570306628867	7.24383938467598	1.03623755421134	1.55804935442197	0.710633776874503
PRG3	1.37116952553938	0.700912890155433	0.774075326013927	1.32355187104384	0.69938151668137	13.0332839161719	1.4026200423181	0.799760955802976	1.41217038085946
PRSS57	0.692925635868946	0.747366796470696	0.728380061220193	0.670882107196034	6.7660616278651	2.42033705210459	6.06328441825006	1.29879173960356	0.901309785773975
PRTN3	0.799985277880744	0.655022028758627	0.683405375525532	0.868036194396854	1.17959168230834	3.70408860837084	4.79256948677503	3.57071212912362	0.6332375854251
PSTPIP2	0.309920947667097	0.978832306585786	1.02807897161999	1.13130255581398	2.54969009867843	3.95503310360223	1.74322573245304	1.797831445934	1.0751592385264
PTAFR	0.900875415127525	1.04311266594712	0.834976659717522	1.71171406023573	0.655910452105451	3.56187364687927	0.898376678458529	0.723295901119655	0.702975656800723
PTGDR2	0.762821662581333	0.748229648126764	0.728717928794173	0.632002944895276	7.23157298620967	5.16635336650693	1.93898919439728	0.930790475316498	0.683405587731446
PTPRJ	0.740210018923895	0.833353186665336	0.857566728354267	1.06353213044504	0.361951300973266	1.64494407698104	5.52295912989902	2.83042287381266	1.13633444408619
QPCT	1.22557552676208	1.06043061560979	0.931487323050059	0.903110659758279	1.18153490969896	1.16131656690221	5.80987653365156	1.44336279592341	0.84870597249252
RAB10	0.750944671508129	0.703275171323897	0.695127551191777	2.03673235492465	0.95825608425835	0.886834578834886	2.10358409528577	3.53474182273352	0.936932100314533
RAB11B	0.524699177420003	0.779261704091313	0.812705045683354	1.48726565065023	2.48621788768159	2.28789449885619	6.54609904809219	1.8343825758858	0.936481809405362
RAB18	0.582328576639884	0.596620216841329	0.918479376178111	1.7462995356121	1.50210496747179	2.25324145423822	4.34369012088763	2.31577614376636	0.913934043682249
RAB19	0.492932921702642	1.33220384967744	1.4457984082583	0.381657764582543	0.509907698777602	1.45944406450919	4.45958443418592	0.768051769589467	1.49882491717873
RAB30	4.02182549224965	0.657528339797003	1.02342401037269	1.25963609513781	2.1149549753332	0.592235581515618	0.924059650841997	0.709586462531449	1.00354296902356
RAB33B	1.01255691013326	0.946692099283993	1.230579371499	1.11956795863871	0.950087783899138	2.06195290495701	6.10296421050443	1.17884866112246	0.776355778603697
RAB44	0.760082000137668	0.679584389292073	0.660377999012137	0.934560758595849	4.32605225804604	4.14912059083688	3.48644449253692	2.71933498999805	0.697791901947456
RASGRP3	1.14242780780503	0.702214576339556	0.7375414677945	0.769158531533307	3.18404109341259	0.974666762203911	4.11483618220928	0.877993734165127	0.673468571459387
RASGRP4	0.595028632026367	0.639102138496833	0.577752223175839	1.38680167667716	4.3291843987302	3.11316501582183	2.04838865964816	2.74381389169538	0.803426311188325
RBBP9	0.884013180659841	1.13315155184133	1.21077721497298	0.770929889484854	3.80140202344887	1.25577485939878	0.661170099182078	0.988025094366939	1.30472808785853
RBP7	0.742020093456252	0.712479696174229	0.655937816575692	0.784683210261	0.734612657006257	0.81430640688996	3.96293760428806	3.75687926992623	0.689677568074327
RCC1L	1.28008010527066	1.12340493127767	1.13516344189704	0.89176867610273	0.129133597374645	0.206925318536268	5.05910783563284	1.21657563812166	1.20556040457672
RCSD1	2.82127636418723	0.786191503262534	0.73193346251842	0.794199548875794	4.54634365925289	3.2651683063976	2.76364366328755	0.835939704400776	0.603448729631972
RETN	0.889781183872644	0.798124622524926	0.758511179771693	0.801908973704252	0.910975027965226	3.32042331435642	11.5423858501461	1.44196964358762	0.861559118342717
RFLNB	0.245104207038288	1.13644577569528	1.00445293074576	1.08686112418787	4.24917178358706	2.22875622354378	1.66627359449558	1.54470765811746	1.09138491680109
RGS18	0.858553618952429	0.629936380025442	0.543667545327802	1.66023267869277	3.0146969953376	4.44584028936767	1.9928998146053	2.1287294349839	0.448295564654786
RHEX	1.02024017587289	0.831406178814787	0.903853535751602	0.768001213929395	14.0805363744766	0.998393331468275	0.966997509421165	0.868902648142042	0.815550754787247
RILP	0.845055365601295	0.742725447048782	0.729600376018311	2.04200856215655	0.52270198572765	1.31013172009975	6.48352084939905	1.70074822692358	0.83454365971775
RINL	0.445325695689271	1.01272424702345	1.22646035478615	0.753388271432222	2.81578490816687	4.18541016371835	2.01495874022126	1.11562653242334	1.29820685489026
RNASE2	0.694731451018041	0.696683492255292	0.704878556987641	0.915197425723247	5.01628316440415	7.90722434126466	1.62032983119766	2.3009408043129	0.675634767573029
RNASE3	0.773194448458093	0.771948891164889	0.8093606363709	0.729166611211429	4.13196574425051	9.02631591421394	2.19482008766556	1.82208069925941	0.871429887262569
RNASE6	0.882676142699383	0.60521718139309	0.769918718429145	3.26653722542003	3.93597101959364	0.578528210318867	0.568766774816121	1.97316089537914	1.48623603831722
RP13-360B22.2	0.842482783398226	0.839466120339672	0.786704340576809	1.00611410131625	15.7862309933341	0.887575754974671	1.05232212204828	0.878847052499432	0.688672222411931
RRAGB	1.07975567544736	0.891921527510675	0.806162580123947	0.657382919705489	4.97358929619644	1.24915444456758	0.910640701713836	0.822223184190931	0.675988627949206
RYR1	1.06092949613627	0.847404724133605	0.813749132398104	0.692197393485631	0.990219134507127	0.895255506366112	16.8233123865014	0.814997767647383	0.944783360641008
S100A12	0.849010294305345	0.848047014777451	0.746382944710374	0.729585790983223	0.643355669551419	3.74555192108412	4.87477815711624	3.29964377185363	0.756423205084309
SCIN	0.636443723524971	1.15800329540146	0.965616637115221	1.34010643920067	2.49367273302761	3.68557364852525	1.87213719686751	1.10051396213887	0.641003497131722
SEMA7A	0.590741543400825	0.994746632251533	0.915202352999631	1.38056965668305	6.96810373989507	2.21735385281714	1.39019869510457	0.732204392298337	1.15159184133191
SERPINB10	0.71377014995323	0.669360229456948	0.632536664537914	0.776548318754639	0.987468990564351	4.05302155990221	3.51578251047964	4.09564981069664	0.763500474022753
SETSIP	3.85122851592617	1.09004625363614	0.830460954192649	1.20056071158919	1.31268662101827	0.954745035512579	0.398145689783566	0.667026507922268	0.646914325202773
SH2D1B	0.791207100386139	0.635719721787234	0.771953694599377	0.74346669502971	0.686148937929699	0.847808709947891	3.28265266823024	1.27945104793429	6.08375547868741
SH3BP5L	0.724527447457707	0.67371142376025	0.650909995597805	1.44360825379583	4.11035047623654	1.6569103670749	3.11988985712284	1.81567009134965	0.544457773114589
SHTN1	0.68163898571214	0.709227739172517	0.622838251179298	3.7184149402235	0.847610216665641	0.645299086335828	0.926359932549321	3.52209056365233	0.678147671363012
SIGLEC10	1.07321605071814	1.0480847799157	0.631975870438608	1.18825977590169	0.925492427045358	4.53669373794542	0.604307621827	3.49582666739694	0.585168963443077
SIGLEC14	0.908037499281869	0.748011520280915	0.663187839767024	0.940383158118143	1.25467763988852	0.786576456895567	9.92174797213083	2.66080764762971	0.703125369643708
SIGLEC5	0.551895562036371	0.689116431879434	0.944299116440842	1.2049174689488	1.06420712429137	0.772570248240616	4.11507195583727	2.32281805216474	0.487154957838699
SIGLEC8	0.921543949347986	0.991127193857213	0.953922727413487	0.992908409951185	0.884403482190866	16.4231368983681	0.96205182434213	1.0211454341584	1.00319928181227
SIGLEC9	0.690447500126313	0.699315181600863	0.738427783587919	1.63860062652143	0.65732072339561	0.758719925572843	3.89202528844818	3.6523314641866	1.48930471839632
SIRPB2	0.81151699367656	0.770927794894048	0.653442418994679	0.858631789064909	1.0700884992312	1.98445141417086	0.71817881067628	4.76477178892382	0.770528553652176
SLC11A1	0.808402214626958	0.67343768050578	0.664912895632728	0.678046138286452	0.814771161745973	0.867217419806668	4.03600101044675	3.51023123369661	0.864234579963503
SLC12A9	1.05671913096624	0.832645993721622	0.926152553593727	2.6062930234301	0.562242955288104	0.872524408302209	0.686594585217682	3.39569423383348	1.17586357591627
SLC18A2	0.929374020383942	0.90868538836494	0.753687344640407	0.574142686583929	18.5254744625682	1.08830997576076	1.09966145147076	0.903881988975466	0.766878683080833
SLC2A6	1.83739889692855	0.606157431975803	0.645402519334627	2.02299711507368	4.13367787417925	0.743190122560834	0.647559921735071	2.56102465515849	0.642810014672555
SLC35E2B	0.746768819780327	1.10288997740754	1.91144253556477	0.701994860429943	0.816728288590902	0.709653922541633	4.1603609931499	0.711975642404373	1.41866418666362
SLC38A9	0.953006304118359	0.789590765786829	0.631632240528732	4.69734670176046	2.05838800635072	1.26201565200282	0.882286484167524	1.43653990880539	0.6273691187605
SLC45A3	0.911599636501317	0.865765435310266	0.879634627916736	0.805290885275986	14.4362959441628	1.09561835832341	1.33406595941902	1.03882611643458	1.24098338368985
SLCO4C1	1.19165051028665	0.718466356004348	0.557604116058775	1.16082708523095	0.969702825031993	2.27286729653765	4.88460136070011	1.74244219515696	0.750821472404363
SMARCAD1	0.566152281519279	1.06980978513904	1.08271852022875	1.5116457766543	0.426600360053239	0.448291772713662	4.88929859292084	1.39224548760567	1.19481449400047
SMCR8	0.677359944167681	0.789980966769459	0.570440922244348	2.09374181842042	0.854317453131698	0.652785849582411	0.876968602554119	3.79308920567441	0.766101131545666
SMPD3	0.807390046022563	0.949286040654587	0.80652886805864	0.976407609361603	0.596500068436226	19.0883100593657	1.09062989556464	0.87663212883943	0.855203101427343
SNX29P2	5.19614736927097	0.825081345900881	0.770431914811202	0.765253806606723	0.731994773522842	0.966048905666084	1.04139952024157	0.832814760800778	0.855164649016211
SPART	0.762403055877265	1.17802124725111	0.649013786882269	1.35312025834612	3.6704258416829	0.737640221550208	1.2838884528938	1.88294340931525	0.657970643396347
SPIN4	0.964710841682169	0.630993247218245	0.648977030054745	0.948855274571716	1.93134643163551	3.85636365845167	4.00002443279206	1.16817661744915	1.32122604214411
SPIRE1	0.795648989714327	0.793599637823958	0.805198568454915	0.797046916280724	5.66395961502423	0.817398456824386	1.6846046424274	1.03778430429387	0.883713745093484
SPNS3	0.868369199910097	0.78728243755178	0.720272590703331	0.963720436850845	0.689493523890045	17.4960583106296	1.56896830864152	1.46971700695303	0.89941507064231
STAP1	5.63816991453903	0.76230844067126	0.644408580549237	1.14398975719079	1.95723169122317	1.38488790822774	0.632765464121608	0.651688634456986	1.18338115985938
STXBP5	0.429600965890185	0.903435605438435	1.31802495869101	0.862112221086133	4.09823650886895	7.7660732384963	0.709608455555545	1.15246732241057	1.36422847086239
SUCNR1	0.789079344803945	0.906857887502971	0.749031679753373	1.12709156761086	1.17289394279146	4.36830160843041	3.81743047437845	0.869078384445588	0.735509240992887
SULT1A4	0.734334328375379	0.707812392042995	0.55131496445927	1.63257277674909	1.5011227692908	1.60502056129516	2.07586188315818	4.17970789541624	0.692612361293601
SYTL3	0.583120864731444	0.748394175663007	1.46844813460004	0.602999196521178	7.37204271902688	0.871627972823357	1.72071412724388	1.44286915739334	2.10942981353229
TAOK1	0.762825507363937	0.823709011365645	0.718785564899246	1.42748179890286	1.08493308093093	1.01618089137394	3.8579305358764	1.57187029267289	0.659078620795194
TBC1D14	0.848312226691196	0.742016509253204	0.747472805443044	3.42146146960204	1.30238675993182	3.53394118623384	1.18455862425782	1.37711044283964	1.12937126192922
TBX21	0.666934540518743	0.783840737609089	1.96407810458103	0.716298389559992	1.0034357534065	0.500286984610527	0.90951458078381	0.774676374225638	4.34824854935171
TCEANC2	1.08232114841262	1.35094677660284	1.33416005287468	1.23395597124182	0.811406035293843	0.668820104875766	4.0068287877565	0.571524226908145	1.51982428765983
TCL1A	5.12817739799906	0.749730284601254	0.672032793153597	3.22808717188733	1.30057615047528	0.682880111601609	0.741334329870221	0.730432317984067	0.867743858346792
TEC	0.68114964600084	0.773447996416731	0.613851612872254	0.776621358458506	4.45917076525075	3.44760111267473	0.891006370080122	1.1586460719068	2.01388541337093
TEFM	1.13021495069305	1.14043392102382	1.05375795340926	1.08744007203745	0.969813992234475	0.28919771896381	4.53812074730663	1.20890440789538	1.28678197146313
TEX30	0.679354612023411	0.997377715333414	1.28012577430782	0.866414285558625	4.31467095343734	0.519796167718019	0.699980739399484	0.817053475359251	2.1370643432461
TGFBR1	0.595383073853163	0.80584462681091	1.26448611592069	1.25308115556743	4.89394815372601	3.87639571678063	2.10467051684657	0.588523444003214	2.39854592093049
TIFAB	0.864108688337372	0.789328587175351	0.623895475976477	6.23718665398793	0.704872600895676	1.51135507339006	0.67798860399114	1.36629855689722	0.692221067629682
TLR1	1.06407116936593	0.674688651358054	0.612199492270213	2.10983847366042	0.641594985973589	0.648350746094827	1.42909924181055	4.30834136027818	1.27776938730103
TLR2	0.872645688718499	0.628649111724224	0.610155340726975	1.73415012457197	1.40815597722606	0.866996482946407	2.32068269562555	4.07801700019609	1.23274190742437
TLR6	0.77682156458621	0.769846787232913	0.69871540166851	2.72819937090436	0.677588967098961	0.924278685763317	0.851030332050868	4.10916758886345	0.667828257889611
TLR8	0.66077206648225	0.711309201676654	0.719160286642288	1.31934085485434	0.636361418650784	0.661761550654818	1.64881736314542	4.58988227688607	0.802031035021455
TM6SF1	0.734323979584951	0.68500778870339	0.653616438326023	0.811071598634157	1.55335237364099	4.74274238784532	4.14613376728753	1.79059531502054	0.734024153730455
TMA7	3.17014610316319	0.943899553148551	0.834093227658738	1.06521269487835	0.682786833037015	2.06420155499659	0.304491201910959	0.849120007467692	0.869945367385015
TMEM154	0.647519195548729	0.938591769505724	0.625652424080984	0.587658139190744	4.85981521478848	3.18162074902957	3.92605475978642	0.869186303757153	0.724465315511289
TMEM164	0.842482783398226	0.839466120339672	0.786704340576809	1.00611410131625	15.7862309933341	0.887575754974671	1.05232212204828	0.878847052499432	0.688672222411931
TMSB4X	0.836975252320739	0.975503486244431	1.11672235660355	0.663415685431051	1.78452242596633	1.31835604436608	4.66693323674243	1.13985973460226	0.848774210135656
TNFRSF10C	0.794220661566148	0.867567700213448	0.672704387704745	0.882256619489891	1.03662584852601	4.46493159979708	10.9349807005787	0.800828395072663	0.93016499916257
TNFRSF13C	6.00489220802647	0.855745712387161	0.721130131185054	0.792996005766274	0.831124705311088	0.979574008917567	1.0261264743939	0.907139766124271	0.665618658229878
TNFSF12	0.680354316901945	0.719536327543385	0.630367123787424	1.4039910590488	4.61578876129917	2.55186493553882	0.915500048056514	3.23208430960477	0.624981522423588
TNFSF13	0.680354316901945	0.719536327543385	0.630367123787424	1.4039910590488	4.61578876129917	2.55186493553882	0.915500048056514	3.23208430960477	0.624981522423588
TPCN1	1.01274038334594	0.688103531225998	0.588915191204693	2.26425385836151	3.94504235022518	0.539761512962074	0.74916874860322	2.23514919909807	0.731008692735476
TPSAB1	1.14619580937922	1.02208882820974	0.965954334784898	1.00782921016425	16.053823255896	0.69624637333454	0.658550634996457	0.905548636673836	1.27513592590979
TRAF4	1.26761779924536	0.784743052260071	0.58157091024399	6.12720004605547	0.707819696098873	0.786522799068756	1.24266477295447	1.04549801493323	1.05063354085652
TTC39B	0.382574847129063	1.22920583577044	1.43663449737654	0.492622868831244	1.27170686913954	0.425199255317479	4.31765065179605	0.602488035540639	1.46692730197845
TTC7B	0.531437736516777	1.05302650482596	0.686080047621566	0.705461039442311	4.77115980648987	3.25313763263025	0.99953771762301	0.973165406165543	0.643945677336515
TTYH3	0.787692708021524	0.648145243170878	0.620341652882189	1.31969004441162	7.50900104574168	3.05727009937732	1.69024747928125	2.04300254913717	1.09319298078972
TUBA8	0.768896195713779	0.77313992999216	0.624937669145553	0.820003797336076	3.44775635559688	1.95380869498269	4.02587114318442	1.43239658231108	1.12326249768753
TUBB1	1.13862347345977	0.662678827950926	0.559695463545052	1.27899587701964	3.12301313891183	0.999688090235281	0.752225434868711	3.85327086939136	0.778250547453282
TXK	0.65766598371362	1.3140295631888	0.866862811843031	1.08208945918933	0.43659944389275	0.660630358354366	0.572921495586867	0.7011922481498	5.25867277691493
TYMP	0.940293975937416	0.940452744332665	0.779496113299686	1.42438186618493	1.75617594350618	1.17058331266191	0.940276589734576	3.64839828645157	0.692008007212032
UBBP4	0.725013056840722	0.992884826504431	0.702969191775996	1.04320298093001	1.05043553229311	0.992125205098707	12.153869957609	1.09644639815442	1.02080848930461
ULBP3	1.07486496824492	0.822368905728642	0.720561509167985	0.812343291345254	1.14961275812764	0.861084142262007	9.40902649370727	1.29275648165094	0.786272674865773
UMAD1	1.67418879617235	0.783925671240615	1.33652779990579	0.394017684449372	1.80076874795939	1.44252474007513	4.74074469783924	1.11013291573965	1.69889971925054
UNC13D	0.268429828965327	1.36981233249852	1.62923304099075	0.605456841632668	4.22947717499776	2.46342173110053	0.675873363205043	0.61412103147556	1.37741901843538
VNN1	0.897500192152882	0.752277107509578	0.728345160245277	1.23855715191319	1.43720478018722	1.28310856705949	9.3007790522322	2.00177372812792	0.758592135406346
VNN2	0.818735533926556	0.742900946343389	0.784153915180901	0.698428400551939	1.61053223770363	2.40516444636537	6.63013393572927	2.6476361433694	0.657353066484783
VPREB3	5.38485164991698	0.792708802050874	0.779772113794419	0.983256947440789	0.86996230569094	0.931319918242406	1.09300757948258	0.857373978238623	0.778564169211944
VSTM1	0.807930988600219	0.856581545010792	0.79737546054812	0.614853139989395	1.14479372959569	6.55263988819457	5.85482535711578	1.1580394730729	0.70140659766257
WARS1	1.44666996634184	0.658461966825597	0.713372973004509	1.56074554707203	0.659972115480105	1.73097113909647	0.676385660638622	4.98206358995104	0.802791691802123
WAS	0.839191922282156	0.851684359483361	1.3994814947632	0.795831832091032	0.787204066056103	4.1479346867362	3.93519998544283	1.04099290385172	1.77100426323946
WIPF1	0.593092751471862	0.768856629502217	1.59122802413651	0.605397960334238	0.668680165685943	4.46805543649565	3.34207720423052	1.00157804479344	1.74088691864891
YJU2	0.988264245947366	1.02445649829498	1.00333907230973	1.08525948118663	0.910221037390876	0.482653072810483	9.44036321478299	0.922416452512548	1.14225384741555
YOD1	0.974893616294275	0.949242100435183	0.628041624942257	1.22167767399051	9.67028541437671	1.36713625925375	1.25954061778069	1.12215116645391	1.14004559403683
ZC2HC1A	1.01899152722381	1.45689429742401	0.764983825931705	0.60450595685733	5.33525324079191	0.529791926547388	0.84580411178023	0.960024194229485	0.751721211786309
ZC3HAV1L	1.24667102921517	0.648841485711238	0.68822740194944	2.31214977529675	7.53987274180156	0.813968573786509	0.781313826648026	0.954192432834751	0.596182066142291
ZFPM1	0.943859158818945	0.781764126801268	0.600159850607005	1.07627259758852	1.10273894941394	0.983061286516099	1.05475338875738	0.980284656261312	5.31541311937895
ZNF282	0.921432148809417	0.850868271730667	0.887716630693406	0.713348244891969	0.71929035028321	0.938048573717496	7.79812990035142	0.895344245325581	0.995729703483575
