Mixture	B cells	Monocytes	T cells CD4	T cells CD8	NK cells	Dendritic cells	NK T cells	Megakaryocytes	P-value	Correlation	RMSE	Absolute score (sig.score)
CPT0006730001	0.311470541951664	0	2.22067962436759	0	0.0392193958583366	0.0867800770985687	0.0410356381743077	0.245034108009085	0	0.355215438905035	0.940273621169937	2.94421938545955
CPT0001540009	0.568474806278229	0.330986534785254	2.45987708639264	0.0644587486576801	0.155923999226012	1.01608075711383	0.089503250578298	0.254326590250315	0	0.645983524706886	0.765532588893642	4.93963177328226
CPT0024670003	0.57484805890698	0.205675458903767	2.08405288326209	0.273612808296325	0.183530629621813	1.24885638481231	0.240569508088816	0.194649957705484	0	0.700578674900229	0.715794649749929	5.00579568959759
CPT0075560003	1.34296036278896	0.589669214182353	0.569414719119899	0.613123052414553	0.294429975838776	0.712493071089054	0.347617474812155	0.247876923812152	0	0.721383047420089	0.693073118424208	4.7175847940579
CPT0001510001	0.221243901006583	0	2.30076396289233	0.020777463421798	0.058517523333792	0.14849578297681	0.0285387179727139	0.305721137874939	0	0.354072406283868	0.939086471507703	3.08405848947897
CPT0009000003	0	0.192359109179005	2.00077472912965	0.14613304262733	0.244406998571761	1.28676655165836	0	0.24770635623845	0	0.64546588740417	0.76442342567658	4.11814678740456
CPT0006530001	0.421250224256316	0	2.03385385623852	0.192652677511499	0.0824808374142773	0.238584101036542	0	0.273672101955627	0	0.510998098188625	0.873619799163082	3.24249379841278
CPT0000790001	0.235756114244136	0	2.40266859076788	0.103414493052106	0.0367826923308047	0.0888247734923361	0	0.256471053977527	0	0.269090603223818	0.965619400083854	3.12391771786479
CPT0019990003	0.367279687396724	0.335982035125108	1.95549774128712	0.373105345584743	0.534016602340538	1.30347197524067	0	0.277424303589119	0	0.666643793063889	0.745882432156929	5.14677769056402
CPT0010120001	0.0046879889441685	0	2.12731537293977	0.191665627757225	0.0648856140209562	0.378358934954302	0	0.320966081096656	0	0.521695294539675	0.870411194701302	3.08787961971308
CPT0012550003	0.894338285543225	0.709297048875949	1.53936941432723	0	0.297341666204906	1.10830160910154	0.501128258112108	0.173219941735304	0	0.745601991536427	0.668462766349669	5.22299622390027
CPT0009020003	0.1112523504893	0	1.9754324493923	0.131051641181818	0.0594736527870557	0.176210028686035	0	0.236693091594448	0	0.399335870524773	0.925822235317362	2.69011321413096
CPT0088630003	0	0.162512096063931	2.33278076932841	0.0006346110648158	0.215105460351331	0.996993575235729	0	0.282336418130006	0	0.609417670406414	0.794050158432437	3.99036293017422
CPT0092800003	0.188247823033884	0	2.40563929281858	0	0.034186890764773	0.173115528138565	0.0336043288858989	0.276865044353826	0	0.31666309057378	0.950933153244474	3.11165890799553
CPT0023690003	0.499136292698966	0.251859355662521	2.08967817595294	0.223922048618314	0.174175122679695	0.834761967805098	0.278217637367451	0.142954456536402	0	0.629618181678073	0.782570485692549	4.49470505732139
CPT0012670003	0.265990064969027	0.238704525993127	2.07835504243562	0	0.192796542268306	1.22164792960754	0.0893407596513798	0.238656028658368	0	0.683649489263554	0.729947959879249	4.32549089358337
CPT0078510003	0.618676715538894	1.10085693176442	2.06850980045853	0.262334073980138	0.323180788181688	1.22889866371132	0	0.264849984982616	0	0.57596372633019	0.822562410756508	5.86730695861761
CPT0066470004	0	0.076296964099219	2.73745532441715	0	0.133265292012831	1.01556361577463	0.0142908793150362	0.349659959730943	0	0.654033552768387	0.766260984793088	4.32653203534981
CPT0086370003	0.179297072767992	0	2.39458935107159	0.13472863704575	0.0386087287136482	0.066743208735315	0	0.205757155370748	0	0.308724755584883	0.958144399223022	3.01972415370504
CPT0084590001	0.205003002068592	0	2.02639916584583	0.519862197652046	0.115857492578671	0.416987698730282	0	0.256293332425159	0	0.550192129097038	0.856583821749332	3.54040288930058
CPT0010160003	0	0.11372235711195	2.3872140491044	0.0769337408128129	0.150860285530422	0.748010944023227	0	0.275830557735526	0	0.578245986473905	0.822521188232189	3.75257193431834
CPT0014350001	0.309231771725357	0	2.3152461626818	0.0905741536670063	0.0536625853492244	0.115970341204652	0	0.257205958542914	0	0.323282406231056	0.949423774079837	3.14189097317095
CPT0021240003	0	0.59538622751718	2.14633370533133	0	0.357646665319	1.16418375273287	0	0.224970323150772	0	0.614971503527562	0.788861670171421	4.48852067405116
CPT0077500001	0.285190224389495	0.0141200589566664	2.54331816071645	0.0294038122940389	0.0516500288052349	0.0315333404385878	0.00825354655613543	0.257338787848218	0	0.309865131902172	0.956267843530363	3.22080796000483
CPT0002370001	0.148124879356715	0	2.02625539449174	0.167977066266028	0.0521751086764171	0.149017424200535	0	0.309510263403536	0	0.368327429803058	0.934608633003449	2.85306013639497
CPT0012080003	0.207941668474539	0.112710221678525	2.17016886230438	0	0.244535988822136	0.999985413308607	0	0.24938185650302	0	0.665123596762604	0.749696747650344	3.9847240110912
CPT0079000001	0.232565753089286	0	1.98991833033171	0.236959830207971	0.0546415301687544	0.0962814498464478	0	0.268792881445717	0	0.312331024708053	0.952851878407012	2.87915977508988
CPT0025290003	0.482516844282126	0.177420377356146	2.1646559869815	0.0252013207929104	0.186830771127008	1.14058109821335	0.199519840663436	0.186185575534806	0	0.763894296702997	0.656824811538228	4.56291181495128
CPT0088760003	0	0.210362557230327	2.16504202019243	0.335787010056354	0.243552748259998	0.635625193213271	0	0.212911068298705	0	0.675674136086169	0.777512033133301	3.80328059725109
CPT0000870016	0.306451702699539	0.0851083203349885	2.22810883862397	0.0874761546230515	0.282820183316393	0.727733650930624	0	0.26177089625328	0	0.689601988704425	0.748617318159721	3.97946974678185
CPT0012640003	0.202296470978411	0	2.01134176386884	0	0.0190571699105764	0.0530245882644552	0.0368931028932974	0.222659343507099	0	0.344169792935032	0.946151445478091	2.54527243942268
CPT0001550001	0.243739670557743	0.0290082911342873	2.23383970500331	0.348394811571173	0.0738110923692583	0.0428783104592983	0	0.263424974924524	0	0.373500239009363	0.940791027634183	3.2350968560196
CPT0079510001	0.101680345527543	0	2.33766478607969	0.109603645673648	0.0341505017242558	0.150047444691441	0	0.300248603202494	0	0.429480443756328	0.919688197351874	3.03339532689907
CPT0075170001	0.312491447170527	0.499373564350009	1.95215555504102	0.364705858718617	0.128881819268997	0.212011814809898	0	0.309022362891719	0	0.544957504818973	0.857168790911152	3.77864242225078
CPT0020130001	0.235138323800933	0	1.99914811850983	0.299114090520415	0.0590970081711705	0.0791821667908641	0	0.242785444344384	0	0.354066254765679	0.943009228940005	2.9144651521376
CPT0025580004	0	0	2.20448137067524	0	0.166313580719904	0.999536145210273	0.118444788713166	0.25392827389309	0	0.668224415183698	0.750381157457564	3.74270415921167
CPT0012900004	0.213656102678043	0.0686538728551236	1.98601488464016	0.0121753503565747	0.137575816524528	0.865120381095085	0.0308322813906963	0.228742202184335	0	0.673839261550172	0.743808217735514	3.54277089172455
CPT0079410003	0	0.752859210062396	2.30240883373279	0	0.2055856758242	0.974350219718273	0	0.214609613733295	0	0.693667269766653	0.727300819792994	4.44981355307095
CPT0014160003	0	0.832260207371835	2.76627899041025	0	0.153903642492247	1.50039452424202	0.00525342174805855	0.195581979714644	0	0.70399264032133	0.710922259219448	5.45367276597905
CPT0006900003	0	0.170029124878729	2.1174144312877	0	0.293498437996771	1.26608298903009	0.232059097805689	0.254977768132183	0	0.702886344479922	0.714405957647838	4.33406184913116
CPT0081620001	0.20429922006333	0	2.23267976578757	0.126125777925976	0.031312309347127	0.111139018947942	0	0.257945117754415	0	0.311402155569289	0.953671634185507	2.96350120982636
CPT0071150004	0	0.104417333745723	2.72453426236476	0.227993621689736	0.205339217127576	0.771339539221279	0	0.238204616990081	0	0.6417221251919	0.795308958139768	4.27182859113916
CPT0063640001	0.288321343780803	0	2.17948782130062	0.230407508538486	0.0647311843926565	0.174773304963751	0	0.318010792102035	0	0.426565080070248	0.913843505465183	3.25573195507836
CPT0012920003	0.0883495158226286	0	1.91975468656996	0.112601626068891	0.0513047991768561	0.218670560129361	0	0.200359141623383	0	0.462734889291202	0.903116787654416	2.59104032939108
CPT0092290003	0	0.569392431564222	2.81225384931652	0	0.309416651088548	1.34077851339832	0	0.280636192417956	0	0.655065139414906	0.75700666586735	5.31247763778556
CPT0089480003	0.184412803619242	0	2.48150746493305	0	0.0343854800111578	0.136160468632507	0.0541125617503172	0.325557706985918	0	0.27663453849415	0.962663213706925	3.2161364859322
CPT0014450004	0	0.0799405769444898	1.85883023103273	0.138988369750228	0.0832677637449402	1.30403468760613	0	0.238027239171517	0	0.720915555322617	0.693086626127578	3.70308886825004
CPT0086030003	0	0.210688376029726	2.62400724040791	0.0290968209079928	0.305510560860929	0.964423296716657	0	0.225776500265586	0	0.638610029802483	0.779378625918648	4.35950279518881
CPT0007470001	0.162227917059755	0	2.37373205890483	0.0134459971435619	0.0604838533324286	0.210150181434198	0	0.360983981791917	0	0.359277140307707	0.935616038712131	3.18102398966669
CPT0063630003	0	1.18169894837231	2.03578807362219	0.0615194995587633	0.293229171317983	1.02363745623405	0	0.238144364275892	0	0.626206163205523	0.779539704879239	4.8340175133812
CPT0069010001	0.155271952863942	0	2.22627136688699	0.129565335878453	0.038652012150365	0.120449277520128	0	0.249384521192503	0	0.347412645350311	0.944378757941128	2.91959446649238
CPT0007870001	0.13386270923017	0	2.32648738217319	0.108714314014637	0.0430065185499816	0.126438775598547	0	0.31070669607924	0	0.342120778851974	0.944718112880715	3.04921639564577
CPT0079230003	0.18047503047361	0.153198728485016	2.32602789520927	0.107881543053875	0.129248827792843	0.821269061253497	0	0.208964340444765	0	0.667620461090822	0.758443745143392	3.92706542671287
CPT0006630003	0	0.173385919675563	2.66107750363968	0	0.251881950583774	1.0630832345348	0	0.349775814793126	0	0.588220825665518	0.809883672918269	4.49920442322695
CPT0025880003	0.474492244764229	0.0684027204294036	2.20567027499248	0.317471682170708	0.19605465722963	1.14226969189134	0.0504868402873328	0.205267582468989	0	0.735340342644345	0.68846872641569	4.66011569423411
CPT0007320003	1.07497288738097	0.0368912283431223	1.8496677098792	0	0.142094877063557	1.21218944328069	0.496552158372175	0.242940061226683	0	0.715106433035173	0.699509068827226	5.05530836554639
CPT0075130003	0	0.537614913833908	2.3026537966593	0	0.170539560772175	0.842770393753756	0.261788803283446	0.280103252328454	0	0.576392628272965	0.819266355824063	4.39547072063104
CPT0010170001	0.213626987409007	0	2.38112351520528	0.000571039430101527	0.0411340677716258	0.100452450810662	0.0335899386410438	0.265219863545569	0	0.313207350697756	0.953410855610164	3.03571786281329
CPT0089460004	0	0.167095915488731	2.41350340634155	0.217020533292896	0.175470240911036	0.836660824090117	0	0.293158944787674	0	0.659690717071338	0.770759159698842	4.102909864912
CPT0012280003	0.611803947051018	0.240967500148448	1.6028321724283	0.292939918420821	0.313305119663706	1.42763006474302	0.207522690066693	0.219497570807837	0	0.726946903207647	0.686864870734524	4.91649898332984
CPT0077310003	0	0.373779817757286	2.26928237589971	0.182380138826464	0.275473971120334	0.996136909971245	0	0.262773716409448	0	0.61269762900988	0.79248861278176	4.35982692998448
CPT0019130003	0	0	2.38074003249271	0.0918420507746532	0.144901029439103	1.25782927915459	0	0.239619564480033	0	0.611430691558681	0.792021472916183	4.11493195634109
CPT0065810003	1.03018514597224	0.205353542533773	1.41531773520164	0.407489123655076	0.24908235950563	0.851606989642203	0.234907868369886	0.262543597241931	0	0.666387309496465	0.746363415300335	4.65648636212238
CPT0076350001	0.729725914848887	0	2.07254768151567	0.212074023394717	0.0797364408669814	0.108596764940818	0	0.272533564291053	0	0.494617900224354	0.879879587091661	3.47521438985813
CPT0088690003	0.409870363629057	0.0144130838133966	2.23850761330333	0.121429097028134	0.188487122339958	1.09313817328539	0.367384730656665	0.258171257490363	0	0.586717864231725	0.81038937926699	4.69140144154629
CPT0001270001	0.108540040640745	0	1.95559231725251	0.284746560490214	0.0945385477420946	0.459457729616662	0	0.31578335519078	0	0.516715489573946	0.864388257916563	3.218658550933
CPT0063320003	0	0.228528990733324	2.48694140083752	0.100959232501621	0.161404581726174	0.692909541057491	0	0.306206408320341	0	0.582362910488664	0.82336408989631	3.97695015517647
CPT0088550004	2.48008081948252	3.07130398454022	0.0881830398531737	0.813100022284602	0.297217420060453	0.771958820751814	0.357374915529559	0.0275567090316995	0	0.544202013039943	0.871703763973832	7.90677573153404
CPT0086950003	0	0.584118264959351	3.11857238855607	0	0.115317934323422	0.976377852666973	0	0.250771228791541	0	0.527377860383789	0.850312778595112	5.04515766929735
CPT0006950001	0.216186102685604	0	2.54477075468563	0.020962300922501	0.0445266385671358	0.0705587539503352	0.00696847852280695	0.275151015846718	0	0.2264963187908	0.976393623097785	3.17912404518073
CPT0000780007	0	0.0765471957208279	2.46793302676962	0	0.151726122532621	0.80829739495066	0	0.306578106678184	0	0.687169449127862	0.751330634137502	3.81108184665191
CPT0088480003	0	0.156856079439192	2.2259145204368	0.401804539812023	0.15060373695063	1.10720821171352	0	0.269817659959226	0	0.587774371538324	0.80952002334397	4.3122047483114
CPT0006440003	0.250670933419132	0.0943192224094922	2.49677203133635	0	0.228446315799693	1.08154700391305	0	0.26214560601138	0	0.728578724742451	0.699286022222917	4.4139011128891
CPT0023710001	0.268290938756741	0	2.26434220760302	0.135449209576037	0.0502728657397699	0.132031983225413	0	0.28013674850324	0	0.281895433880081	0.961325436534576	3.13052395340422
CPT0019160001	0.115375015784684	0	2.20489532042701	0.120949249241967	0.0390922222731718	0.157339554237646	0	0.287482355399383	0	0.384708399538078	0.931375264897955	2.92513371736386
CPT0088780001	0.346616054568594	0	2.18642719888205	0.214933676020618	0.0578070717849012	0.141165286591117	0	0.217456998867789	0	0.247738062290346	0.972115156666981	3.16440628671507
CPT0092190003	0.423337427448343	0.0479861753523063	1.6731118988589	0.44333645887803	0.132471996309323	0.411356742778004	0	0.244356541473167	0	0.57765601394637	0.829204545465578	3.37595724109807
CPT0009060003	0.226972137986171	0.0396575109882755	1.23215222520579	0.68853651533771	0.264566625164679	1.09297030617664	0	0.160647537858934	0	0.671356011577838	0.741494174009452	3.70550285871821
CPT0078940001	0.157366528654976	0	2.19255233434514	0.133711557559168	0.044055537759248	0.127486681661981	0	0.256607112354203	0	0.318229627850084	0.951739027525045	2.91177975233471
CPT0077140001	0.185880236121756	0	2.2802903157901	0	0.0603428012462785	0.170891215757317	0.0563500658283446	0.295238108612981	0	0.32163620744517	0.948930546981336	3.04899274335677
CPT0023360001	0.255245140231684	0	2.33863921966466	0.153261102594478	0.0452587123129767	0.115044230547711	0	0.242135925187344	0	0.349301140872897	0.943424862474725	3.14958433053886
CPT0015910003	0.227285046668944	0.187246006209145	2.29654271111378	0.2064884506371	0.186626221988256	0.846906981793352	0	0.165741337976916	0	0.710429580660296	0.728036239052776	4.1168367563875
CPT0081990003	0	0.0169484561815607	2.49378989880808	0.225963017853237	0.19500108185987	0.991053646812019	0	0.239915433466735	0	0.658035394472157	0.766088161724721	4.1626715349815
CPT0000890001	0.169498267955671	0	2.23027501809254	0.118127989356384	0.0624405981460379	0.268869603802404	0	0.293400787407068	0	0.380515056693556	0.927740092698432	3.1426122647601
CPT0079300001	0.344117220958598	0	2.00797199109468	0.135754120113527	0.0546451537862249	0.125767146312427	0	0.270259169094479	0	0.350896854414116	0.938998335691843	2.93851480135993
CPT0014470001	0.179301086452763	0.027347768481359	2.27154602475029	0.135512818640386	0.0607055803288788	0.198970797626431	0.00224801836784576	0.232909346617734	0	0.39975870098053	0.925312836649802	3.10854144126569
CPT0078840001	0.287791435349513	0	2.33967155833627	0.0966949353198509	0.0550340280182612	0.154398458914371	0	0.218149220009014	0	0.313716260724576	0.95232129653977	3.15173963594728
CPT0065750003	0	0.0985816262277182	2.58489750630791	0	0.188764715415478	0.866486098657602	0	0.258377013506365	0	0.62171297812612	0.793072030407397	3.99710696011507
CPT0089040001	0.414056548522202	0	1.87702700431717	0.305200633408005	0.0769923668666694	0.205975096307654	0	0.29399812643137	0	0.450322542999559	0.899293312918277	3.17324977585307
CPT0064400001	0.18666990986314	0	2.36013275146227	0.0978013277978	0.0429113486348061	0.0961566763006407	0	0.302194336619266	0	0.31523232696461	0.952741219737835	3.08586635067792
CPT0075570001	0.542742143480759	0.0436470312346651	1.70367497372503	0.325036280562933	0.0512749318944946	0.146742276685316	0.130751134220936	0.269199689744216	0	0.474331986494255	0.88896527114921	3.21306846154835
CPT0017410003	0.831296562579305	0.332378439972435	1.5397237827702	0.274578669136	0.309055101838639	1.28585248129876	0.239960042159519	0.16678778176019	0	0.756312183207091	0.655077668933231	4.97963286151505
CPT0066480003	0	0.549545187756913	2.78205680275697	0.0119564547759324	0.231596987862583	0.874804715523271	0.107341829696009	0.214984720166919	0	0.594713843438509	0.810649728216708	4.7722866985386
CPT0078530001	0.391615393767699	0.0227092972421084	1.9254988215662	0.317450831301496	0.088700775149656	0.22393515479565	0	0.250754480336767	0	0.527019316928314	0.869926632271099	3.22066475415958
CPT0012370003	0	0.308238226785578	2.45700274625583	0	0.287750768501016	0.770111960553045	0	0.247481545293967	0	0.628370671785617	0.79138311655155	4.07058524738944
CPT0001230001	0.257078173737666	0	2.08088416388758	0.0749631336626293	0.0451968883891726	0.0963497839351008	0	0.269016934511986	0	0.34155286842033	0.943721877164296	2.82348907812414
CPT0081880003	0.958264558027062	1.26112582837417	1.21312241177644	0.0857335748282393	0.131689128707192	0.274804580846976	0.395813703265191	0.233075454268234	0	0.652879456548161	0.762498305434499	4.55362924009351
CPT0002350011	0.648674841430765	0.417790469010387	2.57146201879501	0	0.174857120489958	0.682600629977712	0.115963031074663	0.184125582257484	0	0.55383275668257	0.834711005548649	4.79547369303598
CPT0088640003	0.217637035227145	0	2.15642669495163	0.0929628297808649	0.0607282763088149	0.103032199041557	0	0.2762673875457	0	0.367122598716713	0.937128249783148	2.90705442285571
CPT0015730003	2.09809362597228	0	0.88979606883509	0.134313764375134	0.220483066051054	0.542956816294434	0.41958270986158	0.202867005776238	0	0.749753496688466	0.663300088088081	4.50809305716581
CPT0064370003	0.778067121459233	0.294233903116529	1.85258074820558	0.0868779839809203	0.206026344385851	1.30074772979878	0.230461377700306	0.143461056124945	0	0.760205138132182	0.650831585034115	4.89245626477215
CPT0065820001	0.178196165930906	0	2.26382667133438	0.140903823294844	0.0436649675302335	0.220250066229566	0.0134788523662588	0.23674469361092	0	0.440441837696471	0.911332900002359	3.0970652402971
CPT0025350003	0	0.109821499592189	2.14806937468565	0.322545658964606	0.293856080505355	0.852957784819761	0	0.283236315271536	0	0.70643424872672	0.738603296446636	4.0104867138391
CPT0015810003	0	0.1122798869629	2.58312774616329	0.306978559175633	0.168365757624768	1.13534977917942	0	0.233412468952801	0	0.633212319516315	0.778935468924218	4.53951419805882
CPT0000660001	0.0429352892985747	0	2.10550157473947	0.223937072083465	0.058736314504188	0.304041745610647	0	0.268594908952318	0	0.428635207419152	0.911445039647606	3.00374690518866
CPT0001260009	0.382745847304541	0.569463893612776	2.85517631469733	0.175119236354624	0.321865751621899	1.27442708317329	0.328149613961576	0.23543663992536	0	0.478310082472816	0.883080922016869	6.1423843806514
CPT0077490003	0	0.0142854091103651	2.5309231198496	0.200802926249499	0.140222728061712	0.715351368811173	0	0.268304397258002	0	0.655950661769174	0.787256822264588	3.86988994934035
CPT0086970003	0.0838832384708262	0.0935698018997235	2.40820690832198	0.114859833271945	0.0427114017825313	0.206444253884171	0	0.329660333019138	0	0.449465547171858	0.907929612831695	3.27933577065032
CPT0087040003	0.634737967531701	0.119106440674286	2.17001189479932	0.207501431025795	0.403492008776873	1.02473827920253	0.0951406031835925	0.232941074075111	0	0.657130327718792	0.757337082950284	4.88766969926921
CPT0078990003	1.18230304445922	0.26777936103934	0.852117248331574	1.54007141015198	0.426346787558541	1.26851005439967	0.14254860086827	0.121873189941494	0	0.662958179261745	0.749528259678897	5.80154969675009
CPT0065430003	0.700024762988355	0.270321781185126	2.05033778953164	0.00613190452393038	0.223747276328773	0.843286510826813	0.285952487431624	0.180503595461281	0	0.719497822220399	0.707816379821953	4.56030610827754
CPT0025050003	0.475458519693407	1.18796829609423	2.12592385120572	0.146209912246402	0.147515109885882	1.48397125237062	0.472101756116856	0.185132543697105	0	0.548298256393412	0.848618673620695	6.22428124131023
CPT0086820003	0	0	2.51324650986738	0	0.164142002490582	1.17461688746519	0.0359418772665475	0.212107173851302	0	0.726831031224773	0.698808828639937	4.10005445094101
CPT0025110003	0.0103388467401963	0.19783840048489	2.78240712132307	0	0.197458327365905	0.80892235041759	0	0.228291137637236	0	0.618617147305439	0.800503613621182	4.22525618396889
CPT0088900003	0	0	2.21195077429078	0.135940818266509	0.143746225633033	0.866441206987548	0	0.206655836873499	0	0.64730706070645	0.772327730306615	3.56473486205137
CPT0020120003	2.07256134613341	0.559480197943427	0.364051944915311	0.944806729914428	0.39874459808339	0.56111901200023	0.162069821174431	0.209732444878286	0	0.697457125258783	0.717488200920613	5.27256609504291
CPT0001220008	0	0.246773699145903	2.35588452018568	0.210691081142295	0.29444668383768	1.14121758870767	0	0.23257787534973	0	0.664444968425054	0.752521522227361	4.48159144836896
CPT0069000003	0.283506423361094	0	1.68434593242735	0.51324237753654	0.238139639468215	1.21505621592677	0	0.232060222017432	0	0.690340980042735	0.724244646497825	4.1663508107374
CPT0077320001	0.0538473739374729	0	2.12591720769332	0.306395443597479	0.121393095954173	0.557088464003557	0	0.163789234803926	0	0.616869100490625	0.816208993184491	3.32843081998993
CPT0014130001	0.416768756307646	0	2.20770959150909	0.159174857411714	0.0675204175283996	0.24502556376994	0	0.300689656808693	0	0.387884573624396	0.923653879420192	3.39688884333548
CPT0011240003	0	0.0821798549485119	2.34133354718308	0.164445620693738	0.18251870737824	0.806162446393829	0	0.233865728585277	0	0.651313418665635	0.776878083818923	3.81050590518268
CPT0000640003	0.00885685717325331	0.333577323254883	2.68151301467607	0	0.353427832832976	1.06934283792879	0	0.241476000799318	0	0.736733369869855	0.702802157256112	4.68819386666529
CPT0001340003	0	0.0819925909086393	2.63173341289809	0	0.121761763397163	1.26388619409414	0.133926329045317	0.151431419106796	0	0.623122651252056	0.782991391269036	4.38473170945015
CPT0078930003	0.348391043457155	0.209689319102959	1.59396909667992	0.432157931650142	0.319898678209171	0.820967718051594	0.348007743776841	0.265495151029669	0	0.521179454009215	0.853859924142483	4.33857668195745
CPT0088920001	0.248670752131354	0	2.12683888229284	0.100558799606193	0.0527713461410152	0.169814709825435	0	0.258644611317861	0	0.324527116378665	0.94788901040856	2.95729910131469
CPT0086870003	0.474241500247061	0	2.19383610657905	0.119281019366246	0.192172129582635	1.04690832099903	0	0.210558144168984	0	0.774931856548008	0.650376633708072	4.23699722094301
CPT0017450001	0.375947385398501	0	1.66448682361196	0.295617578987258	0.0733414587715019	0.218179211522158	0	0.263279861384187	0	0.525052594391101	0.866347791411383	2.89085231967557
CPT0001180009	0.185145038168768	0.30181338523815	2.70946465409235	0	0.157006105888827	1.10886420693821	0.0984653098786695	0.179538318917125	0	0.675450778590125	0.744895313848659	4.7402970191221
CPT0075720003	0	0.0952050764220784	2.05237319588951	0.252645482698655	0.166459502574981	0.904184781071578	0	0.208916674129722	0	0.691951930852053	0.736984367225237	3.67978471278653
CPT0025230003	0.186564534894289	0.0569525211089621	2.44531204516864	0.275432483018062	0.237703332925964	1.02539704206441	0	0.208840711110589	0	0.711062495700402	0.723673417538178	4.43620267029092
CPT0010110003	1.09927754017255	0.572069054468244	1.01912564937009	0.341551539066924	0.230715267952975	0.850429748642706	0.416184881750109	0.199663599564896	0	0.688616150783309	0.725317514778431	4.72901728098849
CPT0081600003	0.271292003854008	0.210891416746236	2.30375897664854	0	0.317684259285197	0.892107442831117	0	0.238320666384419	0	0.583196116486224	0.813324880958414	4.23405476574951
CPT0007860003	0	0.281894507292283	2.28732363457261	0.0371885148390072	0.333491253796012	1.49807096196176	0	0.271149532306614	0	0.728553968548423	0.6857748510006	4.70911840476829
CPT0086830003	0.156937158538963	0	2.24991754717	0.0589948257711773	0.0687187025314895	0.186576034961893	0	0.319482494158522	0	0.371472312062101	0.932708664887876	3.04062676313204
CPT0092790003	0	0.311218350327554	2.28422993706224	0.240768456146443	0.199753492747692	0.833628600268215	0	0.27448536936149	0	0.692557075305613	0.745554908223289	4.14408420591364
CPT0092310003	0.213870728694462	0	2.39193024518874	0	0.0483281192360516	0.194078958979774	0.0598123043835097	0.239163972798512	0	0.333944993298279	0.945665939768432	3.14718432928105
CPT0024680001	0.236811206214917	0.015815882037005	2.08728327772865	0.121908445720151	0.0735025503078113	0.205433860480645	0.0143183974864957	0.261876904303758	0	0.465479340858566	0.89909422609077	3.01695052427943
CPT0092160003	1.20150472821018	0.0429573691191317	1.25764362394999	0.72691439907095	0.437527923578121	1.20998509815464	0.210549818952175	0.127387402388655	0	0.711424780631926	0.703530118563289	5.21447036342385
CPT0088500001	0.121646369923192	0	2.11270271139678	0.146145538278164	0.0638472040893556	0.211776059458468	0	0.313701801104239	0	0.312953813564706	0.951078958619845	2.96981968425019
CPT0069190001	0.497507022388071	0	1.79439310180457	0.235686027801449	0.0880378538473828	0.139630538711424	0	0.257903720395299	0	0.55919356603494	0.855693171354625	3.0131582649482
CPT0089020003	0	0.214662359412873	2.09909516797463	0.397121207514764	0.223751092334856	1.05151370660212	0	0.203277107673771	0	0.621910815000216	0.785409079406687	4.18942064151301
CPT0082010001	0.194223357456149	0	2.05615892363789	0.129596746698943	0.0449613861556192	0.256106509234727	0	0.255783098083486	0	0.403894237146644	0.918990061416795	2.93683002126681
CPT0014370004	0.193124578468115	0	2.10941093880237	0.169062327254401	0.190265436445437	0.964204884905769	0	0.217493195420733	0	0.766360683108346	0.66947023121522	3.84356136129682
CPT0086360003	0.862617859903936	0.0869161766522211	1.17375275916906	0.782002186763575	0.261988014026767	0.93140807485243	0.244872247064498	0.162537233754761	0	0.666499759121856	0.746961436707077	4.50609455218725
CPT0066520001	0.404891847104426	0.136720751866418	1.97277609905672	0.174025731428012	0.0921663437148349	0.124211420116231	0	0.266445153024261	0	0.496026198056394	0.885590777332471	3.1712373463109
CPT0065930003	0	0.294592303025975	2.52921185929564	0.211254754521081	0.256751852580457	0.736916237339098	0	0.188242302797111	0	0.629483313011094	0.798406865994577	4.21696930955936
CPT0012180003	1.2096358526173	0.171398469667481	0.686603089891245	1.39991505922798	0.223119020798735	1.01104266096109	0.314820677832001	0.0886236336876849	0	0.529648958507818	0.860301763083296	5.10515846468352
CPT0026410003	0.26075585297841	0.0931934734687414	1.89578528758898	0.617150436257659	0.268916776002249	1.1335020885292	0	0.227193723905514	0	0.714425369741409	0.709976433593195	4.49649763873075
CPT0001190001	0.236996014386618	0	2.19341813438797	0.0444563761695596	0.060919945527226	0.378071745212296	0	0.274185440395574	0	0.525588782129928	0.862625692858842	3.18804765607924
CPT0078830003	0	0.0988362073573531	2.65446733995201	0	0.176952394604629	0.987352582622603	0.230447128569694	0.292239663474268	0	0.610991679000162	0.798664039102731	4.44029531658056
CPT0086890003	0.317841606887821	0	2.26402729761116	0.0221912745661197	0.0594413366780324	0.0911083252922989	0	0.267334929775204	0	0.298032997115692	0.956699162385732	3.02194477081063
CPT0025920001	0.162211705286783	0	2.23864082156373	0.118305241086322	0.0381720472042366	0.061061763674003	0	0.268706458767125	0	0.338499880673688	0.948670079064662	2.8870980375822
CPT0079270003	0.0153734694391248	0.0496848885952207	2.76598258756784	0	0.151925452793851	1.11745168193089	0.095838866529586	0.278242315151012	0	0.616052350517604	0.790969536928112	4.47449926200753
CPT0023350003	0.231907770835251	0.551913933477917	1.9031120703985	0.434572644315787	0.257896686384092	1.47369871321928	0	0.290394883687367	0	0.748575289430637	0.664545413498823	5.1434967023182
CPT0079480003	0.086093697535046	0.0723226597322554	2.65079647497	0.116920367193913	0.193071785417644	0.956900945317526	0	0.271606426977289	0	0.661816081327036	0.764512507623692	4.34771235714367
CPT0001350001	0.508072304714631	0	2.16893061180248	0.185247190983761	0.0634573700240732	0.0392793995241956	0	0.242968259921331	0	0.385075683832178	0.930093919924521	3.20795513697047
CPT0077110003	0	0.338815069607309	2.22734827276021	0	0.127838259163799	0.680699027388883	0.0956525413954328	0.311719680805079	0	0.606057299209219	0.804349141472216	3.78207285112072
CPT0085670003	0	0	2.54741488546375	0.0541860937801996	0.201225529161144	1.11607732887531	0	0.284658326467085	0	0.678439277282592	0.742985497836702	4.20356216374749
CPT0020020001	0.23544214407968	0	2.26535047901712	0.200517331729325	0.065916442943754	0.150347771350357	0	0.302204813859599	0	0.299015246202574	0.956116028901722	3.21977898297984
CPT0025170003	0	0	2.32739762646456	0.148836010257697	0.189831023452139	0.722661543691361	0	0.233729089725997	0	0.660773796172681	0.778849253988726	3.62245529359175
CPT0092740003	0.172875208282958	0	2.68914408503279	0	0.0309382730342697	0.143963864737647	0.0479705334451607	0.232710979121398	0	0.263454972201403	0.967346647971417	3.31760294365422
CPT0025060001	0.373906504895752	0	2.27291427130697	0.0557369944471785	0.0752231840835975	0.200764875931917	0	0.294571524883356	0	0.390629031789385	0.92377002577268	3.27311735554877
CPT0088570001	0.277906331562913	0.0324648026561202	1.88425154653819	0.399808840170414	0.0607103142892983	0.20743275794892	0	0.172196202498363	0	0.475278711688399	0.897307829304804	3.03477079566422
CPT0065870003	0	0.134310232737019	2.57550751641556	0	0.289274110715182	1.02605288871126	0.0557948187580379	0.235106175031184	0	0.622384016477425	0.787852100151222	4.31604574236825
CPT0079430001	0.566915140206014	0	2.0491111033993	0.0788184264466276	0.0843455927235503	0.210867768203171	0	0.306210401371813	0	0.433492653023022	0.903362681529882	3.29626843235048
CPT0063330001	0.329578632389052	0	2.09401657756856	0.0968138240695494	0.0564230131561772	0.152596828433748	0.0112582072407237	0.347670420427595	0	0.361418808612374	0.934215556507607	3.08835750328541
CPT0079380003	1.11989524038829	0.433408638225784	0.450782855801328	1.33683989998079	0.346424104501996	0.996623707757409	0.473619758598523	0.113194871676207	0	0.645451016836027	0.764501527374988	5.27078907693033
CPT0069160003	0	0.43025756733066	3.33241704196794	0	0.305133310666122	0.744873977142267	0.0553300752403942	0.32857582901319	0	0.560269438039521	0.841726987532316	5.19658780136057
CPT0088710001	0.256894570497934	0	2.13368420532478	0.149188077988587	0.0716958110090021	0.217557121289405	0	0.236851864147015	0	0.395422914995371	0.923740804543483	3.06587165025672
CPT0084560003	0	0.481592494689266	2.15126024047888	0.323743658676756	0.21671891704628	0.962022802838238	0	0.185417159408012	0	0.710898885086008	0.720311647051799	4.32075527313743
CPT0092730003	0.2312748185866	0.707818662459378	2.13879777794148	0.301752594263603	0.373365433086299	0.960530340632553	0	0.204819865431005	0	0.620268419257532	0.786454194886658	4.91835949240092
CPT0087050003	0.265094084442278	0	2.50654197616834	0.0299943463720348	0.0602620516723974	0.128772167046878	0.0296284447138864	0.236782422855304	0	0.288650142641293	0.960104360426354	3.25707549327112
CPT0065690003	0.183187785638274	0.542783653821341	2.26471233112648	0.432664303771056	0.251006294744848	0.813699778547097	0	0.158386032903621	0	0.65678972417662	0.76991627263854	4.64644018055271
CPT0076330003	0.152222716959391	1.45968347446155	2.08214432340548	0.025036139473719	0.26487647229999	0.57525257883741	0.138551828572055	0.286695260764647	0	0.570342203517682	0.822129734765937	4.98446279477424
CPT0001500009	0.201126544668666	0.0393513210456599	2.41888690152096	0.0432465388975687	0.184832026585283	1.02942424413561	0.146715454002868	0.25780179732668	0	0.616005011537645	0.790119704211078	4.3213848281833
