Mixture	B.cells	T4.cells	T8.cells	DC	Granulocytes	MO	NK.cells	P-value	Correlation	RMSE	Absolute score (sig.score)
CPT0079430001	0.501810600126406	0.972483833917362	0	0.571425022250615	0.0190415620078436	0.268216398954426	0.00923815386910687	0	0.750185326062969	0.663088943566045	2.34221557112576
CPT0023360001	0.482824004340147	1.48389079075026	0	0.302855941790768	0.0116028183055082	0.381933785961647	0.023561315738396	0	0.605493193224023	0.79689037356245	2.68666865688673
CPT0023350003	0.887502528127562	1.04580378012933	0.266774110886786	0.14386292441742	0.00399651584971383	1.30156746910626	0	0	0.845643145071692	0.569980294282961	3.64950732851707
CPT0079410003	0.736570149523213	1.05877833129337	0.155302940160251	0.354678026528117	0.24308095689256	1.06744318623105	0	0	0.902702920920828	0.491519573060531	3.61585359062856
CPT0087040003	0.810590964012099	1.39343998389468	0	0.168848367927862	0.0244301237116182	0.75075714570229	0.457630422689482	0	0.801770093574118	0.635433133232494	3.60569700793803
CPT0077310003	0.727414913427871	1.20442553020707	0	0.244803946638844	0.0184430930504505	0.812875289243597	0.25623628406643	0	0.773767975372353	0.64987148142136	3.26419905663426
CPT0077320001	0.539865053828667	1.41333562099305	0.189423886686522	0.434875019486181	0.216527578731554	0.406689696194439	0	0	0.861119442257973	0.558669909149262	3.20071685592041
CPT0087050003	0.518031765771946	1.35352903465204	0	0.417641015650867	0	0.218552807489908	0.0759113021644263	0	0.575313365410997	0.821518144027616	2.58366592572919
CPT0078840001	0.659426762859839	1.247905995565	0	0.3824055852029	0.0134493069357774	0.309481311819184	0.042257630157561	0	0.577800068253035	0.817633678145075	2.65492659254026
CPT0075570001	0.258334058255314	1.25088295060855	0.0223419515902042	0.69173743657061	0.0175957681794064	0.308878508158454	0.0453365865408013	0	0.868088691767975	0.50422994303372	2.59510725990334
CPT0075560003	1.08194685015687	1.17900762668917	0.345658233355833	0.468641634034554	0	0.850631257209093	0	0	0.851395621920047	0.573856771554968	3.92588560144552
CPT0078830003	0.54833607258805	0.978090659135296	0	0.637373886493299	0	0.939314211437361	0	0	0.826485763242831	0.564508794291038	3.103114829654
CPT0077490003	0.499229436663491	1.4539932139427	0	0.265211558263811	0.0497061850485645	0.875122675049207	0.139767006819816	0	0.786647100569706	0.627403058416559	3.28303007578759
CPT0077500001	0.677149545339106	1.06749880046441	0	0.431189168681461	0.0245188082021191	0.402015874393766	0.133112641965178	0	0.63314231386684	0.774210924717328	2.73548483904604
CPT0023690003	0.929401103813806	1.90295803633316	0.0398663274404072	0.289345397715599	0.197650062416594	0.617451186740655	0.00225297920928162	0	0.732282920251141	0.699417678651051	3.9789250936695
CPT0023710001	0.657870088193141	1.06739349184727	0	0.391763262931812	0.0130232064850558	0.190555180260549	0.120314805923405	0	0.542060877515712	0.84322476866179	2.44092003564124
CPT0025060001	0.452925818894639	1.29439818872271	0	0.492052190765714	0.0283729063046654	0.402511342128179	0	0	0.740249207650327	0.673923888263162	2.67026044681591
CPT0092290003	0.778335162870379	1.39061804434506	0	0.149362305869635	0.193693217842533	1.10940125168645	0.169779151352561	0	0.784666931191492	0.639877762363188	3.79118913396661
CPT0014130001	0.367760092706984	1.10113684405614	0	0.544095425102789	0	0.230214705787512	0.057323532413551	0	0.777161183091109	0.632117275587247	2.30053060006697
CPT0001230001	0.38695086681662	1.22115293417855	0	0.416507492620418	0	0.124795756156029	0.0592586450576888	0	0.640642572041731	0.769363121010942	2.20866569482931
CPT0071150004	0.433313385971501	1.29080637850717	0.00912784228098124	0.627510665409771	0.0251475179494745	0.634551675707211	0.209659937219245	0	0.847676762642529	0.542029458009093	3.23011740304535
CPT0014160003	1.14887348258719	1.04099991138053	0	0	0.0321697691933039	1.30967172321239	0	0	0.796910721623206	0.636449343915801	3.53171488637342
CPT0092310003	0.779121479408696	0.958140122660531	0	0.524303437808171	0.00120910594114739	0.383793901390289	0.00587186249829366	0	0.625326811484179	0.781014123092108	2.65243990970713
CPT0001220008	0.917986480930922	0.985138803168644	0	0.195922612406816	0.0725752197891959	1.1336273373774	0.553858838677189	0	0.761770349742532	0.6626891050635	3.85910929235017
CPT0025050003	1.03381773258464	1.3389032252296	0.390847777949249	0.0956950553400974	0	1.15231528192733	0	0	0.878700236499693	0.557794353693168	4.01157907303091
CPT0088500001	0.634917308741461	1.13827493246579	0	0.414401748830082	0	0.0726146796173818	0.045754857429587	0	0.611965937769606	0.792471769104121	2.3059635270843
CPT0078510003	1.09693271217337	1.23295110177838	0.0372808017676453	0.256379669683269	0.0345412932126101	1.00729859789292	0	0	0.817097537403268	0.614383705638302	3.6653841765082
CPT0079510001	0.60250039178649	1.52523353072182	0	0.15722831060152	0.0394569402377154	0.24955946178013	0.013818679724969	0	0.601055106911996	0.801524330729956	2.58779731485265
CPT0089020003	0.736250154500847	1.12997692337883	0.123605858975223	0.421753364613192	0	0.826456538670893	0.20255575440125	0	0.819292295694215	0.594380916320653	3.44059859454023
CPT0078530001	0.459851809708379	1.22974293903261	0	0.520931886853535	0.0296766120412661	0.330578633190177	0.00255489254580832	0	0.720593352539777	0.694060434217097	2.57333677337178
CPT0079480003	0.653727720136079	1.1049998535637	0	0	0.00235366436495246	1.2580984989531	0.382638645246561	0	0.775583648219127	0.64334149009959	3.4018183822644
CPT0088480003	0.757793154757673	0.962715836151651	0.00145121683371037	0.474610808368611	0	1.08454752777664	0.168808271982893	0	0.87654105161743	0.509064626679898	3.44992681587117
CPT0089040001	0.574426840269344	1.02288140573562	0	0.486364482520113	0.0309302916560489	0.18582514979797	0.0553235528001043	0	0.713782406398646	0.704292151403279	2.3557517227792
CPT0026410003	0.549725482696585	1.14675201156252	0.027088534917694	0.780191979573938	0	0.728140234183386	0.178380160457106	0	0.86388337656133	0.514304628384839	3.41027840339123
CPT0006440003	0.100329624942466	1.33446521271737	0.030425823193388	0.509773669654453	0	1.10844816831207	0	0	0.825856433846554	0.56364432084375	3.08344249881974
CPT0066470004	0.684551347741666	1.35334142283645	0.144873992808898	0.115335892655979	0.00241207734944199	0.937924595512297	0	0	0.854363212443979	0.567543064788285	3.23843932890473
CPT0066430001	0.716677741905189	1.00472355577191	0	0.397791412194506	0	0.387214156212736	0.0254137567333843	0	0.610095965553972	0.792807870756022	2.53182062281772
CPT0020020001	0.534932718307605	1.24537378436184	0	0.36418566623165	0	0.135743612346104	0.0971191307922422	0	0.600296093228333	0.801078207007071	2.37735491203944
CPT0006530001	0.259566821300151	1.5118181018957	0	0.492555594080152	0.00271131121745913	0.122290722932955	0.0465758253382433	0	0.85477226407282	0.540057849968968	2.43551837676466
CPT0026420001	0.735615176508501	1.15962159895615	0	0.601628764608584	0.227392221540899	0.226798642631922	0	0	0.484515671678613	0.885896664610972	2.95105640424606
CPT0019990003	0.60830072313061	1.06773475390719	0.671218927519999	0.361777114532779	0.0399364211621006	1.00863939446229	0	0	0.833792138106796	0.576424691270472	3.75760733471496
CPT0000790001	0.697036960367483	1.05592290391762	0	0.525058085187925	0.00616259478887944	0.200339557104142	0.139371052299511	0	0.466063812723944	0.900989279957773	2.62389115366556
CPT0001550001	0.812045417966693	1.16014722665767	0	0.227047179598992	0.0642035252119266	0.365557738220909	0.0389163942440724	0	0.534304143171965	0.845736152833897	2.66791748190026
CPT0065450001	0.764714506020988	1.08662343361956	0	0.39578432766634	0	0.271423603645702	0.114019717524369	0	0.586372495849362	0.810832759068171	2.63256558847696
CPT0001540009	0.812075800304368	1.1255981453049	0.415294588170563	0.427474640546556	0	0.742810379961864	0.143044917371322	0	0.822249443720635	0.600389378820355	3.66629847165957
CPT0066480003	1.12053605555529	1.72067084742255	0.0108783470486599	0.194418170411983	0	0.735776551581325	0.0539021640789886	0	0.809515474741695	0.638908658707219	3.8361821360988
CPT0066520001	0.674383961786797	1.78867350675494	0	0.340486366914844	0.276766757081711	0.326622421881905	0	0	0.567575574818578	0.823371062928132	3.4069330144202
CPT0065430003	0.915073029796429	1.07262879280862	0.133603373283099	0.526830914352676	0	0.952400972737794	0.0639513956771375	0	0.866047218239423	0.53593458311764	3.66448847865576
CPT0000780007	0.392044828197896	1.467410289309	0	0.4530127573384	0.0104929376001372	0.698197750647659	0.0672345421726781	0	0.782588899362974	0.625327873175051	3.08839310526577
CPT0019130003	0.818623523864478	1.19828645732553	0	0.394734337045885	0.00125185254887178	0.546653506649856	0.147334308540259	0	0.694609514060996	0.72362020960655	3.10688398597489
CPT0014350001	0.380438610665294	1.24457611164214	0	0.509587087691012	0	0.241723224825099	0.0893260101879748	0	0.681275094346675	0.732940771984073	2.46565104501152
CPT0079000001	0.309410192228454	1.49193320425268	0	0.536627244416622	0.00355330341899898	0.117609027677813	0.0689622140174919	0	0.559922567276748	0.842588919460581	2.52809518601206
CPT0078990003	0.963735026756439	1.38239259462363	0.785267831157167	0.246389997787632	0.199631052137063	0.643950065489829	0.106403714139164	0	0.837812235213909	0.618848798029517	4.32777028209092
CPT0000870016	0.602544401231735	1.34947762459818	0	0.272556401602708	0	0.786870019926317	0.517509011206371	0	0.840202739453622	0.577360565830139	3.52895745856531
CPT0014370004	0.228943299512309	1.4031624518399	0	0.38715729944477	0.00257523238148495	0.811261303707979	0.460445589973939	0	0.858278944951482	0.528287481857301	3.29354517686038
CPT0019160001	0.488073043580282	1.13768621747793	0	0.428276436943324	0	0.124008157489191	0.223627933189305	0	0.558316972271505	0.834349973230664	2.40167178868004
CPT0000890001	0.60755103393827	1.41528866641077	0	0.42351155783966	0	0.264309912769592	0.0616932307618592	0	0.665621308833955	0.747958857036801	2.77235440172015
CPT0065820001	0.531665872323473	2.00332120359959	0	0.244927597604134	0.0978405144259137	0.31093537980967	0.0215931823316025	0	0.708551437172814	0.715731888244756	3.21028375009439
CPT0086360003	0.713216609933459	0.996085410966422	0.0845533420482045	0.104087924756903	0	1.12043524053111	0.789477967321134	0	0.88338822096192	0.532845281010413	3.80785649555723
CPT0092800003	0.523441542709365	1.28324318565566	0	0.469344000419439	0.0216934514377143	0.347732467796951	0.0230997812322963	0	0.594634335764283	0.807770610747317	2.66855442925142
CPT0065810003	0.57587349383497	1.29963061069983	0.344740942307517	0.452544085815193	0	0.714870760006658	0.0453776025336889	0	0.804517993960303	0.608053254157198	3.43303749519785
CPT0092790003	0.691614163129555	1.32323797911368	0	0.310610737929098	0	0.507049485389559	0.206528093436991	0	0.755911952946571	0.670540552489501	3.03904045899889
CPT0001500009	0.842862253405604	0.867941246987648	0.0155204234225195	0.436880759893473	0	0.840606577842785	0.106047334667549	0	0.852378212052985	0.554503517378003	3.10985859621958
CPT0086370003	0.518269373402094	1.26198224222913	0	0.504957957819563	0	0.117211910950876	0.0606533254938029	0	0.6162261867251	0.789838914780481	2.46307480989546
CPT0001510001	0.329759758621452	1.75004915491414	0	0.199993504847652	2.22566565037488e-05	0.15022960576946	0.0615662697606747	0	0.601637672828134	0.800192894730159	2.49162055056988
CPT0006950001	0.803155912136425	1.06406881985377	0	0.443708842252032	0.00707964599766885	0.324339325496543	0.0393871643571361	0	0.595310541129771	0.804194530034908	2.68173971009358
CPT0006900003	0.670744495627854	1.240399075466	0.424554639088167	0.118550305285057	0	0.658761994335552	0	0	0.825822282458644	0.614673336399837	3.11301050980263
CPT0010120001	0.828753700541165	1.96573782633215	0	0.401555400310135	0.127365275833587	0.365973972452325	0	0	0.498843908833352	0.871507703865952	3.68938617546937
CPT0025610001	0.427524561652283	1.1220970260825	0	0.522447202230474	0.00692791954666831	0.340966463291904	0.0138690651211252	0	0.705336807199992	0.709188077120861	2.43383223792496
CPT0081600003	0.697002889692506	1.46974641686775	0	0.23321087635025	0.00523328556929812	0.857403207151065	0.0116024408139735	0	0.874723785761899	0.537623623388517	3.27419911644484
CPT0081620001	0.561233162643602	1.25922364095259	0	0.569541935056858	0	0.208033721446778	0.0568834717768754	0	0.571899647171899	0.827518432161773	2.6549159318767
CPT0025580004	0.536415761765816	1.12067182561868	0	0.365732310810822	0.0334792445337034	0.466943547978967	0.167259905798916	0	0.809872759006925	0.608276317650594	2.69050259650691
CPT0010110003	0.475054561775856	1.9522789209363	0	0.345817285427831	0	0.99861302771078	0.434107104052741	0	0.834382097905471	0.571725378226312	4.20587089990351
CPT0001180009	0.942424143264669	1.33861323052345	0	0.315341612623642	0	0.844280523739837	0.0272789053653662	0	0.841743366555104	0.583545270484045	3.46793841551696
CPT0082010001	0.584787204074206	0.945042331244984	0	0.661791480907414	0.0461369957437338	0.302012717855053	0.00985728738725534	0	0.7065815968004	0.707811331098026	2.54962801721265
CPT0015910003	1.1468835140295	1.61549262574032	0.041885222532684	0.0719098755733787	0	0.784353981731652	0.0535309138830628	0	0.788332760418782	0.665195492517837	3.7140561334906
CPT0086870003	0.676534657704635	1.39501954104223	0	0.353302646618587	0.0281323393067574	0.381179916783899	0.48101310594099	0	0.847337970673989	0.586405194427292	3.3151822073971
CPT0063330001	0.55378457254426	1.12831982624368	0	0.37742709822325	0	0.374981614761177	0.163125237576384	0	0.562768024022134	0.830689086286242	2.59763834934875
CPT0001190001	0.273555938515987	1.13038388202624	0	0.644963768138288	0.0390101817013323	0.330270020105703	0.0158659539895096	0	0.843383071845524	0.541371137664015	2.43404974447706
CPT0063320003	0.797498657586451	1.47351058625297	0	0.244366318560037	0.0032040446025304	0.897890157593074	0.205926811880429	0	0.628794077120343	0.777296980579573	3.62239657647549
CPT0081990003	0.605053510743333	1.58561239485129	0.268360363010521	0.301951672057197	0.0636117244561447	0.750106811816213	0.0609011289456261	0	0.831545322239697	0.589335193702273	3.63559760588032
CPT0086890003	0.41847068370712	1.31742371774804	0	0.427409352239507	0.00623477472885495	0.0765567238385832	0.0865704126971736	0	0.59800050083025	0.804518162932411	2.33266566495928
CPT0001340003	0.521121780577035	1.16095949773888	0	0.412886137167321	0.00789831762997122	0.726614338437329	0.0544021514986913	0	0.819893842673823	0.583880155379164	2.88388222304922
CPT0020130001	0.653774897056952	0.987763848744821	0	0.526546860157369	0	0.258966977155794	0.0748808610086687	0	0.555469194886239	0.838012341944267	2.5019334441236
CPT0075170001	0.441728330267883	1.47397471396125	0.0720718884689767	0.689028772504844	0.332130606248342	0.511205887916673	0	0	0.7936019865845	0.614826730084789	3.52014019936797
CPT0001350001	0.64257308624948	1.05467587838211	0	0.451676012487454	0.00653337355490852	0.338436166351174	0.0489546358540599	0	0.659436318339027	0.752303030851088	2.54284915287919
CPT0075130003	0.855959971394093	1.15054077590104	0.0401885770463934	0.387569452254868	0.000568922860573844	0.86945511978461	0	0	0.872905483754867	0.534709356028509	3.30428281924158
CPT0020120003	1.03014729916771	1.27156467835961	0.0773429166210391	0.20420416353138	0.0339719022049017	0.966600500877813	0.0286920383662374	0	0.855702684818385	0.579064157707919	3.61252349912868
CPT0078930003	0.335325950237135	1.56113218469135	0	0.127736670821363	0	0.668948268413511	0.413767802565732	0	0.854405542804429	0.560525861336666	3.10691087672909
CPT0089480003	1.01956220942539	0.999565716892554	0	0.383945269750176	0.0176076302368347	0.271699823033852	0.047764235658422	0	0.546908449140325	0.838056018888052	2.74014488499722
CPT0000640003	0.496116320050864	1.5612481947572	0	0.351437011297234	0.268744507114776	0.958021206767687	0	0	0.794753573064178	0.616699625521041	3.63556723998776
CPT0078940001	0.573401460098068	1.11698446753649	0	0.398445697735125	0	0.177954418495033	0.146070467368842	0	0.595388393345512	0.80472602076019	2.41285651123356
CPT0088630003	0.865603498080251	1.33885641476803	0	0.0823932529764857	0.0151852570324527	1.06549188135541	0.220591701569836	0	0.873473756965786	0.555226717880946	3.58812200578247
CPT0089460004	0.443353570314382	1.18156608957478	0.0336985823232575	0.578152491421963	0.00967991392207808	0.646287284917903	0.098833274910037	0	0.805327802990851	0.5962676314727	2.9915712073844
CPT0000660001	0.431505261992828	1.53981341702157	0	0.542033644179439	0.228353523580244	0	0	0	0.610301293175181	0.793073031927335	2.74170584677408
CPT0088640003	0.65727504939956	0.944740762170767	0	0.558907576049672	0.00423934894607204	0.279130998714251	0.00162776786665944	0	0.677385344753165	0.736188917111563	2.44592150314698
CPT0084560003	1.07986416722001	1.12489107271214	0	0	0.161282570446851	1.43119338885879	0	0	0.805122814475491	0.623436428232996	3.79723119923779
CPT0084590001	0.562270970442362	1.23053498616861	0	0.527121574102481	0.0190899126985424	0.574377664245052	0.022544193065583	0	0.885392350407469	0.500146504461194	2.93593930072263
CPT0007470001	0.713846900763969	1.13071052762662	0	0.346644021425656	0.105747063336475	0.543987163729094	0	0	0.520728197499907	0.859041445724537	2.84093567688182
CPT0065870003	0.664014033905963	1.32387686848824	0.0555740220486861	0.495685482740956	0	0.576136275945457	0.412637948155778	0	0.818848062189514	0.597374974870349	3.52792463128508
CPT0086830003	0.546553263961476	0.960681447268502	0	0.586119768552484	0.0157957898755995	0.244530381930963	0.101254968327056	0	0.620438600376004	0.787737773981362	2.45493561991608
CPT0069000003	0.451090365773143	1.62104848434966	0	0.266256521464767	0.0151730202923543	0.575584159110544	0.0482806028148563	0	0.833059029044962	0.581833882689618	2.97743315380532
CPT0007320003	0.857049255378878	0.938511361238253	0.104390124604186	0.574336225606742	0	0.698751326021115	0.0549744164330142	0	0.812831400893548	0.599343688593477	3.22801270928219
CPT0086820003	0.793460077062885	0.997632828462303	0	0.439516510985281	0	0.733378633638438	0	0	0.838753631536191	0.570878879817241	2.96398805014891
CPT0069010001	0.505138402734525	1.20770188251109	0	0.425414664923723	0.0307137589119309	0.328497366423429	0.0572185657990811	0	0.66660472420156	0.745760185387269	2.55468464130378
CPT0002350011	1.10890013004855	1.37641464736792	0.0829151192614244	0.343639075034691	0	1.15361905438008	0.0526288587615754	0	0.790816160543352	0.632405038705263	4.11811688485423
CPT0063640001	0.321257199717531	1.1872150450458	0	0.620778113379232	0.053210125251985	0.24243458411586	0.0369489095656313	0	0.723997507471516	0.690283071267371	2.46184397707604
CPT0088780001	0.618791431361216	1.17624994341916	0	0.30915695031433	0.0298346569001116	0.345289642241121	0.125249793069129	0	0.573835959277104	0.819818815631666	2.60457241730507
CPT0088760003	0.431238138723735	1.69021560551003	0	0.26821279175655	0.188686116563269	0.407194615015765	0.266068714361728	0	0.839801207294566	0.589203258178549	3.25161598193108
CPT0088710001	0.523195121173636	1.28039048210992	0	0.500171406427835	0.00919029150405093	0.315629769447991	0.057325412416699	0	0.715877807618451	0.699984719715471	2.68590248308014
CPT0088690003	0.709720356179376	1.20101632154984	0.272873579656276	0.294694433182339	0	0.614757381679763	0.112581369372007	0	0.814487524718954	0.614803992011465	3.2056434416196
CPT0002370001	0.802143521556244	1.15823615073732	0	0.260951795367908	0	0.0959901373909614	0.209882629520169	0	0.463362315936146	0.889736531528388	2.5272042345726
CPT0063630003	1.20646237698805	1.00499446266299	0.00732615060346205	0	0.410966298064943	2.38197410800318	0	0	0.748684889378201	0.665471918208785	5.01172339632262
CPT0064370003	0.977796341363323	1.41203822247945	0.136998917978262	0.402059857470994	0.0588684506509766	0.853435408762647	0	0	0.691576505193656	0.725593810261996	3.84119719870565
CPT0010170001	0.524488435186619	1.1764796425103	0	0.311242344874506	0	0.274916460398132	0.0913625305535064	0	0.627830435583588	0.7790394921726	2.37848941352306
CPT0064400001	0.582577998059034	1.11048515649531	0	0.404871185674673	0	0.150159336369852	0.104682157824274	0	0.581082030712279	0.815738655751463	2.35277583442315
CPT0086970003	0.62027724524004	1.36567373377392	0	0.419059292449582	0.138441975009863	0.515940697163456	0	0	0.566970620020603	0.826793775462791	3.05939294363686
CPT0092190003	0.548840372146114	1.44446768848608	0.0166720654033975	0.572626308369284	0.199326243022451	0.289680835334505	0	0	0.830096185732446	0.584586687624669	3.07161351276183
CPT0092160003	0.891889841696042	1.30824747972697	0.0623985402442586	0.267376689973991	0	0.493251850368049	0.804208789450474	0	0.847729591229575	0.601278596531708	3.82737319145979
CPT0010160003	0.421905370127467	1.41262371977168	0	0.175699472584062	0.024627571963874	0.889799336531013	0.0374773970370187	0	0.855647353519616	0.545558859068637	2.96213286801511
CPT0086950003	0.653424218576588	0.940707485736757	0	0.536123397034398	0.0557127761713036	0.955033157524263	0	0	0.840168693762051	0.552383532288632	3.14100103504331
CPT0088900003	0.477541041970796	1.38291627868483	0	0.229979315655576	0	0.555914650156198	0.467306162842954	0	0.770123847660903	0.653380635014343	3.11365744931036
CPT0079270003	0.596487918740663	0.983001395563907	0	0.507228180192702	0	0.772923625667006	0.0543758163798204	0	0.843136465789757	0.550750350096214	2.9140169365441
CPT0088920001	0.785535133138987	1.19870267215918	0	0.471850266911116	0.0117345935618242	0.220961592461618	0.10887369605094	0	0.574020365920543	0.820226293288438	2.79765795428366
CPT0079300001	0.515591141112743	1.19911068996557	0	0.354569064612225	0	0.414755453810053	0.0339427788515649	0	0.679937273986518	0.73393537831696	2.51796912835216
CPT0088550004	1.10905556331359	1.13325344934888	0.344620545614212	0.515544498985928	0.254876862696804	0.993950784693319	0	0	0.867940475236154	0.554751248388127	4.35130170465274
CPT0014450004	0.457401193907494	1.15486605010687	0	0.482020883594272	0.0201026626221447	0.782267861461987	0	0	0.834581478866344	0.558466811875574	2.89665865169277
CPT0088570001	0.251547264290354	1.68951841364518	0	0.586942570982225	0.187618625660855	0.0641354060265492	0	0	0.829642251235443	0.575218671742372	2.77976228060516
CPT0014470001	0.203041314093156	1.70415373756231	0	0.559887115534111	0.0030266410968542	0.175361506961974	0.0521216327963497	0	0.751435744523019	0.660967536538323	2.69759194804476
CPT0006730001	0.932195755879285	1.0026519897303	0	0.501861093334115	0.0837032503344848	0.188672532513853	0	0	0.51526292823365	0.859799751263796	2.70908462179204
CPT0069190001	0.266889493980741	1.38291136518656	0	0.692787355179831	0	0.208120689594777	0.0167728039498552	0	0.797968315322534	0.603940811814036	2.56748170789177
CPT0092730003	1.30147577707392	1.45990808428337	0	0	0.00517912725705524	1.20507623583233	0.532247240650176	0	0.822579354531783	0.629071247547222	4.50388646509685
CPT0092740003	0.562675956781014	1.25706920802465	0	0.506891596186522	0.000597983288388637	0.219720538081933	0.0640466928793893	0	0.618868948453611	0.787316486910465	2.6110019752419
CPT0006630003	0.321735942275595	1.32925857873444	0	0.608706722889167	0.137605488910503	0.447236892328376	0.20399040013959	0	0.784168883328508	0.623372166689085	3.04853402527767
CPT0025920001	0.700818601779092	0.928697268203675	0	0.448324681104289	0.00974452000075919	0.127672688235237	0.141170662103792	0	0.515639399522652	0.862049872544387	2.35642842142684
CPT0025880003	0.642981503481626	1.24845852164507	0.198153372649575	0.44191146169577	0	0.610561456602465	0.0725831614677516	0	0.842500400083909	0.56958712400972	3.21464947754226
CPT0069160003	0.331300262167671	1.43583794659481	0	0.631598241238958	0.00753124993000276	1.21888527596882	0.0038552155840164	0	0.815429705672568	0.578307818863997	3.62900819148428
CPT0007870001	0.430994948508179	1.21050667164087	0	0.507797164028183	0.00976988561742236	0.0580466064098253	0.0581205043913113	0	0.592209302089916	0.81109730496054	2.27523578059579
CPT0001270001	0.41463917053331	1.43629401801668	0	0.579286069057916	0.0201262677883562	0.24201380777536	0.0576100398127719	0	0.875307298972549	0.514339111188445	2.7499693729844
CPT0077110003	0.602745120762211	1.17548435883505	0	0.516852760326902	0	0.583224668212379	0.0737346718613933	0	0.826758606057624	0.578199169350186	2.95204157999793
CPT0077140001	0.544151023331275	1.07430412938073	0	0.533077908141046	0.0447525297114434	0.309561269748603	0.0601085570120952	0	0.624591565607825	0.782872457914949	2.56595541732519
CPT0001260009	0.792578616228729	1.24669925633843	0.294040919581452	0.319075892235267	0.000264310094218274	0.739703633469852	0.020274294606258	0	0.862358263805222	0.561394404823206	3.4126369225542
CPT0076350001	0.347895276663178	1.22798191247258	0	0.519785126645078	0	0.437870150147493	0.0991919239301933	0	0.704082243316436	0.710703147363218	2.63272438985852
CPT0076330003	0.998525188307823	1.11152306626662	0.188865599698593	0	0.390071527773377	2.48361950565157	0	0	0.633428352153579	0.776757232260026	5.17260488769798
CPT0007860003	0.917042123877121	1.21672615332052	0	0	0.0556114117698603	1.10475070779557	0.188235654136538	0	0.793154773381078	0.642177087518989	3.4823660508996
CPT0079380003	1.00291866384528	1.34497264410102	0.683231858716182	0.284629774800035	0	0.51494242999299	0.499697339072637	0	0.858624020216437	0.599366766755618	4.33039271052814
CPT0015810003	0.568773926235956	1.42978175090635	0	0.391947977032609	0	0.772814973611876	0	0	0.846842603961282	0.554588597074473	3.16331862778679
CPT0086030003	0.845261677379984	1.44716032206004	0.0892202094082415	0.237452025357232	0	0.940497317068276	0	0	0.808267251618146	0.616191140538975	3.55959155127378
CPT0085670003	0.422222180860316	1.13598124637377	0	0.682966123470491	0	0.547553688076753	0.0796427720068902	0	0.86097064523034	0.517342672082174	2.86836601078822
CPT0025230003	0.546939957515516	1.1793908230395	0	0.183460978464621	0.0497406482494497	0.71458812003878	0.461403391287523	0	0.818418344065754	0.60647495393759	3.13552391859539
CPT0065750003	0.715613989486178	1.23438237409007	0.139833164969192	0.256253144790239	0.0289700480089381	0.694281828236007	0.0375688152149606	0	0.798193913591524	0.62917705407272	3.10690336479559
CPT0015730003	0.67778380255298	1.23466704953358	0.149305842511186	0.27726772515603	0.102237125040916	0.92283065158828	0	0	0.86070690664221	0.551142306371018	3.36409219638298
CPT0079230003	0.408099563304563	1.29807447391732	0	0.568648584911379	0.903939458195412	0.916185483480024	0.105588564133418	0	0.794587129381757	0.610856877377997	4.20053612794211
CPT0025170003	0.811724471805153	1.34840364805282	0	0.162656106716863	0	0.907443041774247	0.011794361006664	0	0.885952471948763	0.535534640778875	3.24202162935575
CPT0025110003	0.635630470861734	1.03669747474238	0	0.558413174924252	0	0.826965234649034	0.103503329605735	0	0.781096061078947	0.626676615947511	3.16120968478314
CPT0025290003	0.813771107712343	1.57991907749327	0.0704898016234075	0.240329970172276	0.125807725986596	0.779084309648352	0.0171143807568552	0	0.864922485490089	0.567430753168694	3.6265163733931
CPT0081880003	0.908565250847532	1.34954918041693	0.0141227228079713	0	0	1.95684258660357	0	0	0.842910896204152	0.557761458884099	4.229079740676
CPT0075720003	0.604933399294817	1.35896066075985	0.0368322928433648	0.355542533660467	0.0565374245842923	0.79266482444804	0.243152477397683	0	0.849471171502156	0.561072651640133	3.44862361298852
CPT0065930003	0.654187899224394	1.34762579208579	0	0.214551629921128	0	0.962185181554482	0.259073285608024	0	0.658438450184393	0.75222431854081	3.43762378839382
CPT0025350003	0.341596278994242	1.21871522383767	0	0.389454332440596	0.0224536878931499	0.648215556042699	0.623863409928259	0	0.803636755708605	0.605266301808728	3.24429848913662
CPT0065690003	0.803881616641828	1.45301672965521	0.000489583875068423	0.419628533805367	0.00610674218724535	0.643741312314926	0.155964019966344	0	0.840550377214912	0.580612595698141	3.48282853844599
CPT0024670003	0.461126939830778	1.11461052141455	0.0488114592221334	0.245511781573433	0	1.4905619720154	0.0487329942498134	0	0.843876961550666	0.541907740254564	3.40935566830611
CPT0024680001	0.038113463259659	1.64446906070813	0	0.593958211589557	0	0.307611423613697	0.0709762741455636	0	0.809225342370847	0.588072513943363	2.65512843331661
CPT0012550003	0.647821099590198	1.44953250533736	0.0640828506935898	0.4761748496387	0.0267615722319005	1.11566239501383	0	0	0.767755963542081	0.642523125770404	3.78003527250558
CPT0013790003	0.76423944639519	1.65077159181918	0	0.616024268318053	0.289651752028579	0.350384616986805	0	0	0.498896712972076	0.875617554936284	3.67107167554781
CPT0012570003	0.530890458021573	1.25073163165975	0	0.388319807671098	0.0271408844878017	0.35907322893454	0.00127508105910081	0	0.558127385582622	0.835024657881606	2.55743109183387
CPT0012370003	0.251523023600921	1.19787105710929	0	0.426665927405732	0	1.00064946674928	0.467417842048573	0	0.873265858851706	0.499747268215809	3.34412731691379
CPT0011240003	0.635874557317833	1.5865174516838	0	0.412277819776821	0.0253657359567278	0.47647303267107	0.0350464892289065	0	0.796562693240619	0.624706172216632	3.17155508663515
CPT0012640003	0.271562825819402	1.27383241907168	0	0.562547781931243	0.00440123589562306	0.163741556852332	0.0501862350399552	0	0.70202689624989	0.713943619220777	2.32627205461024
CPT0012290003	0.34737701517002	1.80635879214978	0	0.655518786967472	0.0743767451412478	0.267917718192699	0.0389849261758004	0	0.608889511672323	0.800441037510724	3.19053398379702
CPT0012180003	1.19227783711465	1.10966031480481	0.286640444831068	0.151174719424221	0.00524467707456465	0.645033955789243	0.132921057253829	0	0.831580088961074	0.638081137702317	3.52295300629239
CPT0012280003	0.758233659448398	1.20423395249111	0.102380026503251	0.333025656702497	0	0.953510614570618	0.195045478047033	0	0.853704909965524	0.557130425477757	3.54642938776291
CPT0012670003	0.699114958856414	1.55594957005693	0	0.205934590882195	0.0137686376582961	0.728860476675117	0	0	0.824224005976699	0.602606020968398	3.20362823412895
CPT0012080003	0.41191603790372	1.45440132642943	0	0.414701719925061	0	0.465387227077883	0.273591931251114	0	0.847377843894765	0.557939961480363	3.0199982425872
CPT0021240003	0.8627220034719	1.32537590275475	0	0.0794497891786815	0.00801874792999189	1.04783610875129	0.00984397711864769	0	0.859852688576469	0.567459454456443	3.33324652920526
CPT0009020003	0.664378839691617	1.37111278296026	0	0.374207836651763	0.321873461630339	0.153871282677228	0	0	0.644521428212527	0.768093765564432	2.88544420361121
CPT0017450001	0.174901396006478	1.12637721496724	0	0.691863232321738	0.0127888793879981	0.453089355017455	0.0434606678240878	0	0.862605603570742	0.506819434906431	2.502480745525
CPT0009060003	0.796761099660642	1.00401935018077	0.355810996603245	0.446176471153985	0	0.615978297702352	0.0138236969828903	0	0.886943595063504	0.527518314097838	3.23256991228389
CPT0012900004	0.541356849038335	1.10004311103943	0.0387068772018587	0.450997337238977	0.0427435085754888	0.67769269467923	0.0238258865233177	0	0.728809726410916	0.685017852711412	2.87536626429664
CPT0017410003	0.868251760825596	1.60826938037631	0	0.333208370326835	0.0065866859791149	0.867927980197563	0.103556603773518	0	0.833599506828238	0.588876629036232	3.78780078147893
CPT0009080003	0.569869039434381	0.964752793215064	0	0.480266919570275	0	0.253194578192235	0.12287928593655	0	0.654996447387979	0.756179090521745	2.3909626163485
CPT0012920003	0.555264065742715	1.46021264228981	0	0.371712793121822	0.0443393238819063	0.263437355520358	0.0100265555908793	0	0.603510627320721	0.798191045858539	2.7049927361475
CPT0009000003	0.553564680236022	1.17637963718893	0	0.121980111156424	0.0603158194915352	1.07773846700709	0.316550362534476	0	0.799805866861606	0.615921052448882	3.30652907761448
